ID,Site,Product,Price/1000,Min,Max,Active,Real,Bot,No Drip,Drip,Non-drip,No Drop,Drop,Non-drop,Random,Custom,No Refill,Refill,Non-refill,Female,Male,Power,HQ,LQ,No Guarantee,Guarantee,Refund,No refund,Non-refund,Slow,Fast,Instant,Day,Hour,Bundle,Geo,From,Service
935,,comment,1800.0,1,10,False,False,False,False,False,False,False,False,False,True,False,False,True,False,False,False,False,False,False,False,False,False,False,False,False,False,False,True,True,False,Unspecified,verified,Random Comments From Verified Accounts
936,,comment,2700.0,1,10,False,False,False,False,False,False,False,False,False,False,True,False,True,False,False,False,False,False,False,False,False,False,False,False,False,False,False,True,True,False,Unspecified,verified,Custom Comments From Verified Accounts
format_list_numberedID,,,1000.0,call_receivedMin order,call_madeMax order,False,False,False,False,False,False,False,False,False,False,False,False,False,False,False,False,False,False,False,False,False,False,False,False,False,False,False,False,False,False,Unspecified,Unspecified,storageService
894,,,22.95,1000,1000,False,False,False,False,False,False,False,False,False,False,False,False,False,False,False,False,False,False,False,False,False,False,False,False,False,False,False,False,False,True,Unspecified,Unspecified,🎥 Package #1
895,,,47.6,1000,1000,False,False,False,False,False,False,False,False,False,False,False,False,False,False,False,False,False,False,False,False,False,False,False,False,False,False,False,False,False,True,Unspecified,Unspecified,🎥 Package #2
898,,,86.9,1000,1000,False,False,False,False,False,False,False,False,False,False,False,False,False,False,False,False,False,False,False,False,False,False,False,False,False,False,False,False,False,True,Unspecified,Unspecified,🎥 Package #3
899,,,189.85,1000,1000,False,False,False,False,False,False,False,False,False,False,False,False,False,False,False,False,False,False,False,False,False,False,False,False,False,False,False,False,False,True,Unspecified,Unspecified,🎥 Package #4
900,,,454.8,1000,1000,False,False,False,False,False,False,False,False,False,False,False,False,False,False,False,False,False,False,False,False,False,False,False,False,False,False,False,False,False,True,Unspecified,Unspecified,🎥 Package #5
901,,,950.65,1000,1000,False,False,False,False,False,False,False,False,False,False,False,False,False,False,False,False,False,False,False,False,False,False,False,False,False,False,False,False,False,True,Unspecified,Unspecified,🎥 Package #6
format_list_numberedID,,,1000.0,call_receivedMin order,call_madeMax order,False,False,False,False,False,False,False,False,False,False,False,False,False,False,False,False,False,False,False,False,False,False,False,False,False,False,False,False,False,False,Unspecified,Unspecified,storageService
907,,,45.9,1000,1000,False,False,False,False,False,False,False,False,False,False,False,False,False,False,False,False,False,False,False,False,False,False,False,False,False,False,False,False,False,True,Unspecified,Unspecified,🎥 Package #1
908,,,95.2,1000,1000,False,False,False,False,False,False,False,False,False,False,False,False,False,False,False,False,False,False,False,False,False,False,False,False,False,False,False,False,False,True,Unspecified,Unspecified,🎥 Package #2
909,,,173.8,1000,1000,False,False,False,False,False,False,False,False,False,False,False,False,False,False,False,False,False,False,False,False,False,False,False,False,False,False,False,False,False,True,Unspecified,Unspecified,🎥 Package #3
910,,,379.7,1000,1000,False,False,False,False,False,False,False,False,False,False,False,False,False,False,False,False,False,False,False,False,False,False,False,False,False,False,False,False,False,True,Unspecified,Unspecified,🎥 Package #4
911,,,900.9,1000,1000,False,False,False,False,False,False,False,False,False,False,False,False,False,False,False,False,False,False,False,False,False,False,False,False,False,False,False,False,False,True,Unspecified,Unspecified,🎥 Package #5
912,,,1901.3,1000,1000,False,False,False,False,False,False,False,False,False,False,False,False,False,False,False,False,False,False,False,False,False,False,False,False,False,False,False,False,False,True,Unspecified,Unspecified,🎥 Package #6
format_list_numberedID,,,1000.0,call_receivedMin order,call_madeMax order,False,False,False,False,False,False,False,False,False,False,False,False,False,False,False,False,False,False,False,False,False,False,False,False,False,False,False,False,False,False,Unspecified,Unspecified,storageService
913,,,68.85,1000,1000,False,False,False,False,False,False,False,False,False,False,False,False,False,False,False,False,False,False,False,False,False,False,False,False,False,False,False,False,False,True,Unspecified,Unspecified,🎥 Package #1
914,,,142.8,1000,1000,False,False,False,False,False,False,False,False,False,False,False,False,False,False,False,False,False,False,False,False,False,False,False,False,False,False,False,False,False,True,Unspecified,Unspecified,🎥 Package #2
915,,,260.07,1000,1000,False,False,False,False,False,False,False,False,False,False,False,False,False,False,False,False,False,False,False,False,False,False,False,False,False,False,False,True,False,True,Unspecified,Unspecified,🎥 Package #3
916,,,569.55,1000,1000,False,False,False,False,False,False,False,False,False,False,False,False,False,False,False,False,False,False,False,False,False,False,False,False,False,False,False,True,False,True,Unspecified,Unspecified,🎥 Package #4
917,,,1364.4,1000,1000,False,False,False,False,False,False,False,False,False,False,False,False,False,False,False,False,False,False,False,False,False,False,False,False,False,False,False,True,False,True,Unspecified,Unspecified,🎥 Package #5
918,,,2851.95,1000,1000,False,False,False,False,False,False,False,False,False,False,False,False,False,False,False,False,False,False,False,False,False,False,False,False,False,False,False,True,False,True,Unspecified,Unspecified,🎥 Package #6
format_list_numberedID,,,1000.0,call_receivedMin order,call_madeMax order,False,False,False,False,False,False,False,False,False,False,False,False,False,False,False,False,False,False,False,False,False,False,False,False,False,False,False,False,False,False,Unspecified,Unspecified,storageService
835,Instagram,follower,0.44,500,5000,False,False,False,False,False,False,False,True,False,False,False,False,True,False,False,False,False,False,False,False,False,False,False,False,False,False,False,True,True,False,Unspecified,Unspecified,⭐👥Instagram Followers | CHEAP
889,Instagram,follower,5.25,100,30000,False,False,False,False,False,False,False,True,False,False,False,False,True,False,False,False,False,False,False,False,False,False,False,False,False,True,False,True,False,True,Unspecified,Unspecified,⭐👥Instagram Followers | Fast Start + Good Quality
509,Instagram,follower,6.3,100,30000,True,False,False,False,True,False,False,True,False,False,False,False,True,False,False,False,False,False,False,False,False,False,False,False,False,False,False,True,False,False,Unspecified,Unspecified,⭐👥Instagram Followers | Premium Quality
926,Instagram,follower,5.51,50,5000,False,False,False,False,False,False,False,False,False,False,False,True,True,False,False,False,False,False,False,False,False,True,True,False,False,False,False,True,True,False,Arab,Unspecified,🇦🇪 👥Instagram Followers | Arab
893,Instagram,like,0.69,20,8500,False,False,False,False,False,False,False,False,False,False,False,True,True,False,False,False,False,False,False,False,False,True,True,False,False,False,False,False,True,False,Unspecified,Unspecified,👍 Instagram Likes | CHEAP
852,Instagram,like,1.88,50,10000,False,False,False,False,False,False,False,True,True,False,False,False,False,False,False,False,False,False,False,False,False,False,False,False,False,False,False,False,True,False,Unspecified,Unspecified,👍 Instagram Likes | NON-Drop
836,Instagram,like,3.6,50,10000,False,False,False,False,False,False,False,False,False,False,False,True,True,False,False,False,False,False,False,False,False,True,True,False,False,False,False,False,True,False,Unspecified,Unspecified,👍 Instagram Likes | Premium
892,Instagram,like,1.49,50,20000,False,True,False,False,False,False,False,True,False,False,False,False,False,False,False,False,True,False,False,False,True,False,False,False,False,False,True,False,True,False,Unspecified,Unspecified,🔋👍 Instagram Likes | Powerlikes
821,Instagram,like,1.45,100,10000,False,False,False,False,False,False,False,True,False,False,False,False,False,False,False,False,False,False,False,False,True,False,False,False,False,False,False,True,True,False,Unspecified,Unspecified,💬👍 Instagram | Comment Likes
521,,comment,31.9,5,1000,False,False,False,False,False,False,False,False,False,False,True,False,True,False,False,False,False,False,False,False,False,False,False,False,False,False,False,True,False,False,Unspecified,Unspecified,💬Comments | Custom
522,,comment,43.75,5,50,False,False,False,False,False,False,False,True,False,True,False,False,False,False,False,False,False,False,False,False,True,False,False,False,False,False,False,True,False,False,Unspecified,Unspecified,💬Comments | Random Positive Comments
833,,video view,0.05,100,10000000,False,False,False,False,False,False,False,True,False,False,False,False,False,False,False,False,False,False,False,False,True,False,False,False,False,False,False,False,True,False,Unspecified,Unspecified,🎥Video Views
525,Instagram,,1.38,100,50000,False,False,False,False,False,False,False,False,False,False,False,False,True,False,False,False,False,False,False,False,False,False,False,False,False,False,False,False,True,False,Unspecified,Unspecified,⚛️ Instagram | Profile Visits
527,,story view,1.65,100,100000,False,False,False,False,False,False,False,False,False,False,False,False,True,False,False,False,False,False,False,False,False,False,False,False,False,False,False,True,False,False,Unspecified,Unspecified,📖Story Views
932,Instagram,,1.94,100,100000,False,False,False,False,False,False,False,True,True,False,False,False,True,False,False,False,False,False,False,False,False,False,False,False,False,False,False,True,False,True,Unspecified,Unspecified,⏫ Instagram | Story Swipe Ups + Engagement
529,Instagram,,0.73,100,15000,False,False,False,False,False,False,False,False,False,False,False,False,True,False,False,False,False,False,False,False,False,False,False,False,False,False,False,False,True,False,Unspecified,Unspecified,🖼️ Instagram | Photo Reach
530,Instagram,,0.73,100,15000,False,False,False,False,False,False,False,False,False,False,False,False,True,False,False,False,False,False,False,False,False,False,False,False,False,False,False,True,True,False,Unspecified,Unspecified,📼Instagram | Video Reach
531,Instagram,saves,0.03,100,25000,False,False,False,False,False,False,False,False,False,False,False,False,True,False,False,False,False,False,False,False,False,False,False,False,False,False,False,False,True,False,Unspecified,Unspecified,🗂️ Instagram | Post Saves
526,Instagram,impression,0.76,100,50000,False,False,False,False,False,False,False,False,False,False,False,False,True,False,False,False,False,False,False,False,False,False,False,False,False,False,False,False,True,False,Unspecified,Unspecified,🔴 Instagram | Impressions
919,Instagram,view,13.05,20,1000,False,False,False,False,False,False,False,True,False,False,False,False,False,False,False,False,False,False,False,False,True,False,False,False,False,False,False,False,True,False,Unspecified,Unspecified,🔴Instagram | Live Views
732,Instagram,like,0.44,200,10000,False,False,False,False,False,False,False,False,False,False,False,False,True,False,False,False,False,False,False,False,False,False,False,False,False,False,False,True,False,False,Unspecified,Unspecified,🔴Instagram | Live Likes
731,Instagram,comment,36.25,50,2000,False,False,False,False,False,False,False,True,False,True,False,False,True,False,False,False,False,False,False,False,False,False,False,False,False,True,False,False,False,False,Unspecified,Unspecified,🔴Instagram | Live Video Random Comments
523,,comment,1.31,20,50000,False,False,False,False,False,False,False,False,False,True,False,False,False,False,False,False,False,False,False,False,False,False,False,False,False,False,False,True,False,False,Unspecified,Unspecified,💬Comments | Random Emoji Comments
format_list_numberedID,,,1000.0,call_receivedMin order,call_madeMax order,False,False,False,False,False,False,False,False,False,False,False,False,False,False,False,False,False,False,False,False,False,False,False,False,False,False,False,False,False,False,Unspecified,Unspecified,storageService
805,,like,1.58,50,20000,False,True,False,False,False,False,False,False,False,False,False,False,True,False,False,False,True,False,False,False,False,False,False,False,False,False,False,False,True,False,Unspecified,Unspecified,♻️👍Auto | Powerlikes | 🤩 Engagement Booster 🤩
904,,like,1.5,20,8500,False,False,False,False,False,False,False,True,False,False,False,False,False,False,False,False,False,False,False,False,True,False,False,False,False,False,True,True,False,False,Unspecified,Unspecified,♻️👍Auto | Likes Worldwide | Small Orders
773,,video view,0.73,100,10000000,False,False,False,False,False,False,False,False,False,False,False,False,True,False,False,False,False,False,False,False,False,False,False,False,False,False,False,False,True,False,Unspecified,Unspecified,♻️🎥 Auto | Video Views
776,,impression,1.51,100,50000,False,False,False,False,False,False,False,False,False,False,False,False,False,False,False,False,False,False,False,False,False,False,False,False,False,False,False,False,False,False,Unspecified,Unspecified,♻️🔴 Auto | Impressions
712,,like,2.4,100,20000,False,False,False,False,False,False,False,True,False,False,False,False,False,False,False,False,False,False,False,False,True,False,False,False,False,False,True,True,False,False,Unspecified,Unspecified,♻️👍Auto | Likes Worldwide
775,,,1.51,100,50000,False,False,False,False,False,False,False,False,False,False,False,False,True,False,False,False,False,False,False,False,False,False,False,False,False,False,False,False,True,False,Unspecified,Unspecified,♻️⚛️ Auto | Profile Visits
878,Instagram,view,0.72,250,10000000,False,False,False,False,False,False,False,False,False,False,False,False,False,False,False,False,False,False,False,False,False,False,False,False,False,False,False,False,False,False,Unspecified,Unspecified,♻️📽️ Instagram | TV Views & Free Impressions
903,,like,1.15,20,100,False,False,False,False,False,False,False,True,False,False,False,False,False,False,False,False,False,False,False,False,True,False,False,False,False,False,True,True,False,False,Unspecified,Unspecified,♻️👍Auto | Likes Worldwide | Small Orders
808,,like,2.61,1,1,False,False,False,False,False,False,False,False,False,False,False,False,False,False,False,False,False,False,False,False,False,False,False,False,False,False,False,False,False,False,Unspecified,Unspecified,♻️👍Auto | Likes Worldwide (Calculator)
774,,comment,66.25,5,50,False,False,False,False,False,False,False,True,False,True,False,False,False,False,False,False,False,False,False,False,True,False,False,False,False,False,False,True,False,False,Unspecified,Unspecified,♻️💬Auto | Random Positive Comments
939,,comment,2750.0,1,10,False,True,False,False,False,False,False,True,False,False,False,False,False,False,False,False,False,False,False,False,True,False,False,False,False,False,False,True,True,False,Unspecified,Unspecified,♻️💬Auto | VERIFIED Post Related Comments
778,,,1.18,100,15000,False,False,False,False,False,False,False,False,False,False,False,False,True,False,False,False,False,False,False,False,False,False,False,False,False,False,False,False,True,False,Unspecified,Unspecified,♻️🖼️ Auto | Photo Reach
779,,,1.18,100,15000,False,False,False,False,False,False,False,False,False,False,False,False,True,False,False,False,False,False,False,False,False,False,False,False,False,False,False,True,True,False,Unspecified,Unspecified,♻️📼Auto | Video Reach
780,,saves,0.05,100,25000,False,False,False,False,False,False,False,False,False,False,False,False,True,False,False,False,False,False,False,False,False,False,False,False,False,False,False,False,True,False,Unspecified,Unspecified,♻️🗂️ Auto | Post Saves
807,,like,0.369,1,1,False,False,False,False,False,False,False,False,False,False,False,False,False,False,False,False,False,False,False,False,False,False,False,False,False,False,False,False,False,False,USA,Unspecified,♻️🇺🇸 Auto | Likes USA (Calculator)
809,,like,4.95,1,1,False,False,False,False,False,False,False,False,False,False,False,False,False,False,False,False,True,False,False,False,False,False,False,False,False,False,False,False,False,False,Unspecified,Unspecified,♻️👍Auto | Powerlikes | 🤩 Engagement Booster 🤩 (Calculator)
format_list_numberedID,,,1000.0,call_receivedMin order,call_madeMax order,False,False,False,False,False,False,False,False,False,False,False,False,False,False,False,False,False,False,False,False,False,False,False,False,False,False,False,False,False,False,Unspecified,Unspecified,storageService
816,Instagram,view,0.06,250,10000000,False,False,False,False,False,False,False,True,False,False,False,False,False,False,False,False,False,False,False,False,True,False,False,False,False,False,False,False,True,False,Unspecified,Unspecified,📽️ Instagram | TV Views & Free Impressions
817,Instagram,like,4.35,100,10000,False,False,False,False,False,False,False,False,False,False,False,False,True,False,False,False,False,False,False,False,False,False,False,False,False,False,False,True,True,False,Unspecified,Unspecified,👍 Instagram | TV Likes
format_list_numberedID,,,1000.0,call_receivedMin order,call_madeMax order,False,False,False,False,False,False,False,False,False,False,False,False,False,False,False,False,False,False,False,False,False,False,False,False,False,False,False,False,False,False,Unspecified,Unspecified,storageService
869,YouTube,view,0.86,200,100000000,False,False,False,False,False,False,False,False,False,False,False,True,True,False,False,False,False,False,False,False,False,True,True,False,False,False,False,True,True,False,Unspecified,Unspecified,📹 YouTube | Cheap Views
727,YouTube,view,2.47,500,1000000000,False,False,False,False,True,False,False,True,True,False,False,False,True,False,False,False,False,False,False,False,False,False,False,False,False,False,False,True,True,False,Unspecified,Unspecified,📹 YouTube | Ranking High Retention Views
726,YouTube,view,3.63,100,100000,True,True,False,False,False,False,False,False,False,True,False,False,True,False,False,False,False,False,False,False,False,False,False,False,False,False,False,True,True,False,Unspecified,Unspecified,📹 YouTube | Active Views & Engagements
902,YouTube,view,1.6,500,100000000,False,False,False,False,False,False,False,False,False,True,False,False,True,False,False,False,False,False,False,False,True,False,False,False,False,False,False,True,True,False,Unspecified,Unspecified,🥇 YouTube Views | Speed 100k/day
728,YouTube,view,1.96,1000,1000000,False,False,False,False,False,False,False,False,False,False,False,False,True,False,False,False,False,False,False,False,True,False,False,False,False,True,False,True,True,False,Unspecified,Unspecified,🥇 Fast YouTube Views | Speed 100k/day
840,YouTube,view,2.11,50000,200000000,False,True,False,False,False,False,True,True,False,False,False,False,True,False,False,False,False,False,False,False,True,False,False,False,False,False,False,True,True,False,Unspecified,ads,🖥️ YouTube Views | Exclusive Service | Views From Ads
729,YouTube,like,13.78,5,1500,False,False,False,False,True,False,False,False,False,False,False,False,True,False,False,False,False,False,False,False,False,False,False,False,False,False,False,True,False,False,Unspecified,Unspecified,👍 YouTube | Video Likes
756,YouTube,share,2.3,500,75000,False,False,False,False,False,False,False,False,False,False,False,False,True,False,False,False,False,False,False,False,False,False,False,False,False,False,False,True,True,False,Unspecified,Unspecified,⤴️YouTube | Shares
730,YouTube,comment,13.78,10,5000,False,False,False,False,False,False,False,False,False,False,True,False,True,False,False,False,False,False,False,False,False,False,False,False,False,False,False,True,True,False,Unspecified,Unspecified,💬YouTube | Custom Comments
757,YouTube,comment,23.2,10,500,False,False,False,False,False,False,False,False,False,True,False,False,True,False,False,False,False,False,False,False,True,False,False,False,False,False,False,True,False,False,Unspecified,Unspecified,💬YouTube | Random Comments
897,YouTube,subscriber,22.48,5,2000,False,False,False,False,False,False,False,False,False,False,False,False,True,False,False,False,False,False,False,False,True,False,False,False,False,True,False,True,True,False,Unspecified,Unspecified,🔺 YouTube | FAST Subscribers
733,YouTube,subscriber,15.95,5,1500,False,False,False,False,False,False,False,False,False,False,False,False,True,False,False,False,False,False,False,False,True,False,False,False,False,False,False,True,False,False,USA,Unspecified,🔺 YouTube | USA Subscribers
764,YouTube,view,4.06,1000,100000,True,True,False,False,False,False,False,False,False,False,False,False,True,False,False,False,False,False,False,False,False,False,False,False,False,False,False,False,False,False,Unspecified,Unspecified,🔴YouTube Real & Active LIVE Stream Views
765,YouTube,,2250.0,1,1,False,False,False,False,False,False,False,False,False,False,False,False,False,False,False,False,False,False,False,False,False,False,False,False,False,False,False,False,False,False,Unspecified,Unspecified,📢 YouTube | Sponsorship  Collaboration  or Product/Service Ad
859,YouTube,like,6.89,10,50000,False,False,False,False,False,False,False,True,False,False,False,False,False,False,False,False,False,False,False,False,True,False,False,False,False,False,False,True,True,False,Unspecified,Unspecified,💠💬 YouTube | Comment Likes
format_list_numberedID,,,1000.0,call_receivedMin order,call_madeMax order,False,False,False,False,False,False,False,False,False,False,False,False,False,False,False,False,False,False,False,False,False,False,False,False,False,False,False,False,False,False,Unspecified,Unspecified,storageService
925,,,11.17,100,5000,False,False,False,False,False,False,False,False,False,False,False,False,True,False,False,False,False,False,False,False,True,False,False,False,False,False,False,True,True,True,Unspecified,Unspecified,⌚Package #1 | For Videos Longer Than 60 Minutes
format_list_numberedID,,,1000.0,call_receivedMin order,call_madeMax order,False,False,False,False,False,False,False,False,False,False,False,False,False,False,False,False,False,False,False,False,False,False,False,False,False,False,False,False,False,False,Unspecified,Unspecified,storageService
755,YouTube,view,2.61,1000,10000000,False,True,False,False,False,False,False,False,False,False,False,False,True,False,False,False,False,False,False,False,False,False,False,False,False,False,False,True,True,False,USA,Unspecified,🇺🇸 USA Targeted YouTube Views - ♻
734,YouTube,view,2.61,1000,10000000,False,True,False,False,False,False,False,False,False,False,False,False,True,False,False,False,False,False,False,False,False,False,False,False,False,False,False,True,True,False,Australia,Unspecified,🇦🇺 Australia Targeted YouTube Views - ♻
735,YouTube,view,2.61,1000,10000000,False,True,False,False,False,False,False,False,False,False,False,False,True,False,False,False,False,False,False,False,False,False,False,False,False,False,False,True,True,False,Brazil,Unspecified,🇧🇷 Brazil Targeted YouTube Views - ♻
736,YouTube,view,2.61,1000,10000000,False,True,False,False,False,False,False,False,False,False,False,False,True,False,False,False,False,False,False,False,False,False,False,False,False,False,False,True,True,False,Canada,Unspecified,🇨🇦 Canada Targeted YouTube Views - ♻
737,YouTube,view,2.61,1000,10000000,False,True,False,False,False,False,False,False,False,False,False,False,True,False,False,False,False,False,False,False,False,False,False,False,False,False,False,True,True,False,Egypt,Unspecified,🇪🇬 Egypt Targeted YouTube Views - ♻
738,YouTube,view,2.61,1000,10000000,False,True,False,False,False,False,False,False,False,False,False,False,True,False,False,False,False,False,False,False,False,False,False,False,False,False,False,True,True,False,France,Unspecified,🇫🇷 France Targeted YouTube Views - ♻
739,YouTube,view,2.61,1000,10000000,False,True,False,False,False,False,False,False,False,False,False,False,True,False,False,False,False,False,False,False,False,False,False,False,False,False,False,True,True,False,Germany,Unspecified,🇩🇪 Germany Targeted YouTube Views - ♻
740,YouTube,view,2.61,1000,10000000,False,True,False,False,False,False,False,False,False,False,False,False,True,False,False,False,False,False,False,False,False,False,False,False,False,False,False,True,True,False,Unspecified,Unspecified,🇭🇰 Hong Kong Targeted YouTube Views - ♻
741,YouTube,view,2.61,1000,10000000,False,True,False,False,False,False,False,False,False,False,False,False,True,False,False,False,False,False,False,False,True,False,False,False,False,False,False,True,True,False,India,Unspecified,🇮🇳 India Targeted YouTube Views - ♻
742,YouTube,view,2.61,1000,10000000,False,True,False,False,False,False,False,False,False,False,False,False,True,False,False,False,False,False,False,False,False,False,False,False,False,False,False,True,True,False,Israel,Unspecified,🇮🇱 Israel Targeted YouTube Views - ♻
744,YouTube,view,2.61,1000,10000000,False,True,False,False,False,False,False,False,False,False,False,False,True,False,False,False,False,False,False,False,False,False,False,False,False,False,False,True,True,False,Italy,Unspecified,🇮🇹 Italy Targeted YouTube Views - ♻
745,YouTube,view,2.61,1000,10000000,False,True,False,False,False,False,False,False,False,False,False,False,True,False,False,False,False,False,False,False,False,False,False,False,False,False,False,True,True,False,Japan,Unspecified,🇯🇵 Japan Targeted YouTube Views - ♻
746,YouTube,view,2.61,1000,10000000,False,True,False,False,False,False,False,False,False,False,False,False,True,False,False,False,False,False,False,False,False,False,False,False,False,False,False,True,True,False,Pakistan,Unspecified,🇵🇰 Pakistan Targeted YouTube Views - ♻
747,YouTube,view,2.61,1000,10000000,False,True,False,False,False,False,False,False,False,False,False,False,True,False,False,False,False,False,False,False,False,False,False,False,False,False,False,True,True,False,Poland,Unspecified,🇵🇱 Poland Targeted YouTube Views - ♻
748,YouTube,view,2.61,1000,10000000,False,True,False,False,False,False,False,False,False,False,False,False,True,False,False,False,False,False,False,False,False,False,False,False,False,False,False,True,True,False,Russia,Unspecified,🇷🇺 Russia Targeted YouTube Views - ♻
749,YouTube,view,2.61,1000,10000000,False,True,False,False,False,False,False,False,False,False,False,False,True,False,False,False,False,False,False,False,False,False,False,False,False,False,False,True,True,False,Saudi Arabia,Unspecified,🇸🇦 Saudi Arabia Targeted YouTube Views - ♻
750,YouTube,view,2.61,1000,10000000,False,True,False,False,False,False,False,False,False,False,False,False,True,False,False,False,False,False,False,False,False,False,False,False,False,False,False,True,True,False,Spain,Unspecified,🇪🇸 Spain Targeted YouTube Views - ♻
752,YouTube,view,2.61,1000,10000000,False,True,False,False,False,False,False,False,False,False,False,False,True,False,False,False,False,False,False,False,False,False,False,False,False,False,False,True,True,False,Taiwan,Unspecified,🇹🇼 Taiwan Targeted YouTube Views - ♻
753,YouTube,view,2.61,1000,10000000,False,True,False,False,False,False,False,False,False,False,False,False,True,False,False,False,False,False,False,False,False,False,False,False,False,False,False,True,True,False,Turkey,Unspecified,🇹🇷 Turkey Targeted YouTube Views - ♻
754,YouTube,view,2.61,1000,10000000,False,True,False,False,False,False,False,False,False,False,False,False,True,False,False,False,False,False,False,False,False,False,False,False,False,False,False,True,True,False,UK,Unspecified,🇬🇧 UK Targeted YouTube Views - ♻
743,YouTube,view,4.06,100,100000,False,True,False,False,False,False,False,False,False,False,False,False,True,False,False,False,False,False,False,False,False,False,False,False,False,False,False,True,True,False,Korea,Unspecified,🇰🇷 South Korea Targeted YouTube Views - ♻
933,YouTube,view,3.19,1000,500000,False,True,False,False,False,False,False,True,True,True,False,False,True,False,False,False,False,False,False,False,True,True,False,False,False,False,True,True,False,False,Argentina,Unspecified,🇦🇷 Argentina Targeted YouTube Views - ♻
934,YouTube,view,2.18,1000,10000000,False,True,False,False,False,False,False,False,False,False,False,False,True,False,False,False,False,False,False,False,False,False,False,False,False,False,False,True,True,False,Sweden,Unspecified,🇸🇪 Sweden Targeted YouTube Views - ♻
940,YouTube,view,2.18,1000,10000000,False,False,False,False,False,False,False,False,False,False,False,False,False,False,False,False,False,False,False,False,False,False,False,False,False,False,False,False,False,False,Greece,Unspecified,🇬🇷 Greek Targeted YouTube Views - ♻
format_list_numberedID,,,1000.0,call_receivedMin order,call_madeMax order,False,False,False,False,False,False,False,False,False,False,False,False,False,False,False,False,False,False,False,False,False,False,False,False,False,False,False,False,False,False,Unspecified,Unspecified,storageService
713,Facebook,page like,11.89,100,75000,False,False,False,False,False,False,False,False,False,False,False,False,True,False,False,False,False,False,False,False,False,False,False,False,False,False,False,True,True,False,Unspecified,Unspecified,👍Facebook | Fan Page Likes
721,Facebook,follower,5.37,100,3000,False,False,False,False,False,False,False,False,False,False,False,False,True,False,False,False,False,False,False,False,False,False,False,False,False,False,False,True,True,False,Unspecified,Unspecified,👥Facebook Profile Followers & Facebook Friends
722,Facebook,review,36.25,20,600,False,False,False,False,False,False,False,False,False,False,True,False,True,False,False,False,False,False,False,False,False,False,False,False,False,False,False,True,True,True,Unspecified,Unspecified,⭐⭐⭐⭐⭐Facebook 5 Star Reviews/Ratings - Custom Text
723,Facebook,review,116.0,40,500,False,False,False,False,False,False,False,False,False,True,False,False,True,False,False,False,False,False,False,False,False,False,False,False,False,False,False,True,True,False,Unspecified,Unspecified,⭐⭐⭐⭐⭐Facebook 5 Star Reviews/Ratings - Random Text
845,Facebook,group member,5.51,100,10000,False,False,False,False,False,False,False,False,False,False,False,False,True,False,False,False,False,False,False,False,True,False,False,False,False,False,False,True,True,False,Unspecified,Unspecified,🗣️ Facebook | Group Members
846,Facebook,follower,5.37,100,2000,False,False,False,False,False,False,False,False,False,False,False,False,True,False,False,False,False,False,False,False,True,False,False,False,False,False,False,True,True,False,Unspecified,Unspecified,👥 Facebook | Page Followers
848,Website,like,5.8,100,100000000,False,False,False,False,False,False,False,True,False,False,False,False,False,False,False,False,False,False,False,False,True,False,False,False,False,False,False,True,True,False,Unspecified,Unspecified,⚛️ Facebook | Website Likes
937,Facebook,video view,0.9,500,10000000,False,True,False,False,False,False,False,True,False,False,False,False,False,False,False,False,False,False,False,False,True,False,False,False,False,False,True,True,False,False,Unspecified,Unspecified,Facebook - Video Views - 3 Second Watch Time
938,Facebook,video view,1.26,500,10000000,False,True,False,False,False,False,False,True,False,False,False,False,False,False,False,False,False,False,False,False,True,False,False,False,False,False,True,True,False,False,Unspecified,Unspecified,Facebook - Video Views - 1 Minute Watch Time
format_list_numberedID,,,1000.0,call_receivedMin order,call_madeMax order,False,False,False,False,False,False,False,False,False,False,False,False,False,False,False,False,False,False,False,False,False,False,False,False,False,False,False,False,False,False,Unspecified,Unspecified,storageService
714,Facebook,like,5.22,50,5000,False,False,False,False,False,False,False,False,False,False,False,False,True,False,False,False,False,False,False,False,False,False,False,False,False,False,False,True,True,False,Unspecified,Unspecified,🗣️Facebook | 👍 Post Likes
841,Facebook,reaction,6.53,25,2000,False,False,False,False,False,False,False,False,False,False,False,False,False,False,False,False,False,False,False,False,True,False,False,False,False,False,False,True,True,False,Unspecified,Unspecified,🗣️Facebook | ❤️ Post Reactions
842,Facebook,reaction,6.53,25,2000,False,False,False,False,False,False,False,False,False,False,False,False,False,False,False,False,False,False,False,False,True,False,False,False,False,False,False,True,True,False,Unspecified,Unspecified,🗣️Facebook | 😆 Haha Reactions
843,Facebook,reaction,6.53,25,2000,False,False,False,False,False,False,False,False,False,False,False,False,False,False,False,False,False,False,False,False,True,False,False,False,False,False,False,True,True,False,Unspecified,Unspecified,🗣️Facebook | 😢 Post Reactions
844,Facebook,reaction,5.51,100,5000,False,False,False,False,False,False,False,False,False,False,False,False,False,False,False,False,False,False,False,False,True,False,False,False,False,False,False,True,True,False,Unspecified,Unspecified,🗣️Facebook | 😮 Wow Post Reactions
716,,comment,15.95,20,500,False,False,False,False,False,False,False,False,False,False,True,False,True,False,False,False,False,False,False,False,False,False,False,False,False,False,False,True,True,False,Unspecified,Unspecified,💬Comments | Custom
896,Facebook,view,26.1,50,5000,False,False,False,False,False,False,False,False,False,False,False,False,False,False,False,False,False,False,False,False,False,False,False,False,False,False,False,False,False,False,Unspecified,Unspecified,🔴 Facebook | LIVE Stream Views
931,Facebook,share,8.7,25,100000000,False,False,False,False,False,False,False,False,False,False,False,False,True,False,False,False,False,False,False,False,True,False,False,False,False,False,False,True,True,False,Unspecified,Unspecified,Facebook Post Shares
format_list_numberedID,,,1000.0,call_receivedMin order,call_madeMax order,False,False,False,False,False,False,False,False,False,False,False,False,False,False,False,False,False,False,False,False,False,False,False,False,False,False,False,False,False,False,Unspecified,Unspecified,storageService
724,Facebook,,13.05,50,5000,False,False,False,False,False,False,False,True,False,False,False,False,False,False,True,True,False,False,False,False,True,False,False,False,False,False,False,True,False,False,Unspecified,Unspecified,👥 Facebook Event | Going | Females
886,Facebook,,10.8,5,1000,False,False,False,False,False,False,False,True,False,False,False,False,False,False,False,True,False,False,False,False,True,False,False,False,False,False,False,True,False,False,Unspecified,Unspecified,👥 Facebook Event | Going | Males
format_list_numberedID,,,1000.0,call_receivedMin order,call_madeMax order,False,False,False,False,False,False,False,False,False,False,False,False,False,False,False,False,False,False,False,False,False,False,False,False,False,False,False,False,False,False,Unspecified,Unspecified,storageService
930,,,0.0,1,1,False,False,False,False,False,False,False,False,False,False,False,False,False,False,False,False,True,False,False,False,False,True,False,False,False,False,False,False,False,False,Unspecified,Unspecified,☑️ 1 Time Payment - Full Course LIFETIME Access
format_list_numberedID,,,1000.0,call_receivedMin order,call_madeMax order,False,False,False,False,False,False,False,False,False,False,False,False,False,False,False,False,False,False,False,False,False,False,False,False,False,False,False,False,False,False,Unspecified,Unspecified,storageService
720,Facebook,page like,114.559,1,5000,False,False,False,False,False,False,True,True,False,False,False,False,True,False,False,False,False,False,False,False,False,False,False,False,False,False,False,True,True,False,Africa,Unspecified,🇿🇦 Facebook | African Page Likes
format_list_numberedID,,,1000.0,call_receivedMin order,call_madeMax order,False,False,False,False,False,False,False,False,False,False,False,False,False,False,False,False,False,False,False,False,False,False,False,False,False,False,False,False,False,False,Unspecified,Unspecified,storageService
787,TikTok,follower,11.6,50,5000,False,False,False,False,False,False,False,True,False,False,False,False,False,False,False,False,False,False,False,False,True,False,False,False,False,False,False,True,True,False,Unspecified,Unspecified,👥 TikTok | Followers
788,TikTok,like,11.6,50,10000,False,False,False,False,False,False,False,True,False,False,False,False,False,False,False,False,False,False,False,False,True,False,False,False,False,False,False,True,True,False,Unspecified,Unspecified,👍 TikTok | Likes
789,,video view,0.04,1000,1000000000,False,False,False,False,False,False,False,False,False,False,False,True,True,False,False,False,False,False,False,False,False,True,True,False,False,False,False,True,False,False,Unspecified,Unspecified,🎥 Tik Tok | Video Views
format_list_numberedID,,,1000.0,call_receivedMin order,call_madeMax order,False,False,False,False,False,False,False,False,False,False,False,False,False,False,False,False,False,False,False,False,False,False,False,False,False,False,False,False,False,False,Unspecified,Unspecified,storageService
766,Twitter,follower,5.51,10,2000,False,False,False,False,False,False,False,False,False,False,False,False,True,False,False,False,False,False,False,False,False,False,False,False,False,False,False,True,True,False,Unspecified,Unspecified,🐦👥 Twitter | Followers
767,Twitter,impression,1.45,100,100000,False,False,False,False,False,False,False,True,False,False,False,False,False,False,False,False,False,False,False,False,True,False,False,False,False,False,False,True,False,False,Unspecified,Unspecified,🐦🔴 Twitter | Impressions
768,Twitter,like,5.8,20,10000,False,False,False,False,False,False,False,False,False,False,False,False,True,False,False,False,False,False,False,False,False,False,False,False,False,False,False,True,True,False,Unspecified,Unspecified,🐦👍🏻 Twitter | Likes
769,Twitter,retweet,5.8,20,10000,False,False,False,False,False,False,False,False,False,False,False,False,True,False,False,False,False,False,False,False,False,False,False,False,False,False,False,True,True,False,Unspecified,Unspecified,🐦🐦 Retweets | Twitter
format_list_numberedID,,,1000.0,call_receivedMin order,call_madeMax order,False,False,False,False,False,False,False,False,False,False,False,False,False,False,False,False,False,False,False,False,False,False,False,False,False,False,False,False,False,False,Unspecified,Unspecified,storageService
784,LinkedIn,follower,8.7,100,100000,False,False,False,False,False,False,False,False,False,False,False,False,True,False,False,False,False,False,False,False,False,False,False,False,False,False,False,True,True,False,Unspecified,Unspecified,👥LinkedIn | Followers
785,LinkedIn,,217.5,10,30,False,False,False,False,False,False,False,False,False,False,False,False,True,False,False,False,False,False,False,False,False,False,False,False,False,False,False,True,True,False,Unspecified,Unspecified,🤝LinkedIn | Connections
786,LinkedIn,endorsement,362.5,10,200,False,False,False,False,False,False,False,False,False,False,False,False,True,False,False,False,False,False,False,False,False,False,False,False,False,False,False,True,True,False,Unspecified,Unspecified,💰LinkedIn | Endorsements
format_list_numberedID,,,1000.0,call_receivedMin order,call_madeMax order,False,False,False,False,False,False,False,False,False,False,False,False,False,False,False,False,False,False,False,False,False,False,False,False,False,False,False,False,False,False,Unspecified,Unspecified,storageService
822,Google,,84.99,1,1,False,False,False,False,False,False,False,False,False,False,False,False,False,False,False,False,False,False,False,False,True,True,False,False,False,False,False,False,True,True,Unspecified,Unspecified,🌟 Increase Google Search Rankings (3) Keywords 🌟
824,Google,,29.99,1,1,False,False,False,False,False,False,False,False,False,False,False,False,False,False,False,False,False,False,False,False,True,False,False,False,False,False,False,False,True,False,Unspecified,Unspecified,🌟 Increase Google Search Rankings | DOFOLLOW Backlinks 🌟
823,Google,,34.99,1,1,False,False,False,False,False,False,False,False,False,False,False,False,False,False,False,False,False,False,False,False,True,False,False,False,False,False,False,False,True,False,Unspecified,Unspecified,🌟 Increase Google Search Rankings | .EDU Backlinks 🌟
825,Google,,34.99,1,1,False,False,False,False,False,False,False,False,False,False,False,False,False,False,False,False,False,False,False,False,True,False,False,False,False,False,False,False,True,False,Unspecified,Unspecified,🌟 Increase Google Search Rankings | .Wiki Backlinks 🌟
804,Website,traffic,0.15,1000,10000000,False,False,False,False,False,False,False,False,False,False,False,False,False,False,False,False,False,False,False,False,False,True,False,False,False,False,False,True,True,False,Unspecified,Unspecified,🔍 Website Traffic
format_list_numberedID,,,1000.0,call_receivedMin order,call_madeMax order,False,False,False,False,False,False,False,False,False,False,False,False,False,False,False,False,False,False,False,False,False,False,False,False,False,False,False,False,False,False,Unspecified,Unspecified,storageService
770,Twitch,follower,8.7,50,20000,False,False,False,False,False,False,False,True,False,False,False,False,False,False,False,False,False,False,False,False,True,False,False,False,False,False,False,True,True,False,Unspecified,Unspecified,🎮👥 Twitch | Followers
771,Twitch,view,1.16,250,1000000,False,False,False,False,False,False,False,False,False,False,False,False,True,False,False,False,False,False,False,False,False,False,False,False,False,False,False,False,False,False,Unspecified,Unspecified,🎥 Twitch | Clip Views
772,Twitch,view,1.16,250,1000000,False,False,False,False,False,False,False,False,False,False,False,False,True,False,False,False,False,False,False,False,False,False,False,False,False,False,False,False,True,False,Unspecified,Unspecified,🎥 Twitch | Channel Views
887,Twitch,view,145.0,10,250,False,False,True,False,False,False,False,False,False,False,False,False,False,False,False,False,False,True,False,False,False,False,False,False,False,False,False,False,True,False,Unspecified,Unspecified,🎮 Twitch | LIVE Viewers
888,Twitch,subscriber,1508.0,10,1000,False,True,False,False,False,False,False,False,False,False,False,False,False,False,False,False,False,False,False,False,False,False,False,False,False,False,False,False,True,False,Unspecified,Unspecified,🎮 Twitch | Prime Subscribers
format_list_numberedID,,,1000.0,call_receivedMin order,call_madeMax order,False,False,False,False,False,False,False,False,False,False,False,False,False,False,False,False,False,False,False,False,False,False,False,False,False,False,False,False,False,False,Unspecified,Unspecified,storageService
826,,,7.0,1,1,False,False,False,False,False,False,False,False,False,False,False,False,False,False,False,False,False,False,False,False,False,False,False,False,False,False,False,False,True,False,Unspecified,Unspecified,✴️ $5 Worth of Ads
827,,,35.0,1,1,False,False,False,False,False,False,False,False,False,False,False,False,False,False,False,False,False,False,False,False,False,False,False,False,False,False,False,False,True,False,Unspecified,Unspecified,✴️ $25 Worth of Ads
828,,,175.0,1,1,False,False,False,False,False,False,False,False,False,False,False,False,False,False,False,False,False,False,False,False,False,False,False,False,False,False,False,False,True,False,Unspecified,Unspecified,✴️ $100 Worth of Ads
829,,,625.0,1,1,False,False,False,False,False,False,False,False,False,False,False,False,False,False,False,False,False,False,False,False,False,False,False,False,False,False,False,False,True,False,Unspecified,Unspecified,✴️ $500 Worth of Ads
830,,,3000.0,1,1,False,False,False,False,False,False,False,False,False,False,False,False,False,False,False,False,False,False,False,False,False,False,False,False,False,False,False,False,True,False,Unspecified,Unspecified,✴️ $2 500 Worth of Ads
831,,,12500.0,1,1,False,False,False,False,False,False,False,False,False,False,False,False,False,False,False,False,False,False,False,False,False,False,False,False,False,False,False,False,True,False,Unspecified,Unspecified,✴️ $10 000 Worth of Ads
format_list_numberedID,,,1000.0,call_receivedMin order,call_madeMax order,False,False,False,False,False,False,False,False,False,False,False,False,False,False,False,False,False,False,False,False,False,False,False,False,False,False,False,False,False,False,Unspecified,Unspecified,storageService
813,Twitter,impression,1.45,100,100000,False,False,False,False,False,False,False,True,False,False,False,False,False,False,False,False,False,False,False,False,True,False,False,False,False,False,False,True,False,False,Unspecified,Unspecified,♻️🔴Twitter | Impressions
814,Twitter,like,5.8,20,10000,False,False,False,False,False,False,False,False,False,False,False,False,True,False,False,False,False,False,False,False,False,False,False,False,False,False,False,True,True,False,Unspecified,Unspecified,♻️👍🏻 Twitter | Likes
815,Twitter,retweet,5.8,20,10000,False,False,False,False,False,False,False,False,False,False,False,False,True,False,False,False,False,False,False,False,False,False,False,False,False,False,False,True,True,False,Unspecified,Unspecified,♻️🐦 Retweets | Twitter
format_list_numberedID,,,1000.0,call_receivedMin order,call_madeMax order,False,False,False,False,False,False,False,False,False,False,False,False,False,False,False,False,False,False,False,False,False,False,False,False,False,False,False,False,False,False,Unspecified,Unspecified,storageService
781,SoundCloud,follower,1.74,100,50000,False,False,False,False,False,False,False,False,False,False,False,False,True,False,False,False,False,False,False,False,False,False,False,False,False,False,False,True,True,False,Unspecified,Unspecified,👥 SoundCloud | Followers
782,SoundCloud,play,0.11,100,100000,False,False,False,False,False,False,False,False,False,False,False,False,True,False,False,False,False,False,False,False,False,False,False,False,False,False,False,True,True,False,Unspecified,Unspecified,🔊 SoundCloud | Plays
783,SoundCloud,like,1.74,20,25000,False,False,False,False,False,False,False,False,False,False,False,False,True,False,False,False,False,False,False,False,False,False,False,False,False,False,False,True,True,False,Unspecified,Unspecified,👍 SoundCloud | Track Likes
format_list_numberedID,,,1000.0,call_receivedMin order,call_madeMax order,False,False,False,False,False,False,False,False,False,False,False,False,False,False,False,False,False,False,False,False,False,False,False,False,False,False,False,False,False,False,Unspecified,Unspecified,storageService
794,Spotify,follower,1.16,500,100000,False,False,False,False,False,False,False,True,True,False,False,False,False,False,False,False,False,False,False,False,True,False,False,False,False,False,False,True,True,False,Unspecified,Unspecified,🎧👥 Spotify | Playlist Followers
795,Spotify,follower,1.4,500,100000,False,False,False,False,False,False,False,False,False,False,False,False,True,False,False,False,False,False,False,False,False,False,False,False,False,False,False,True,True,False,Unspecified,Unspecified,🎤👥 Spotify | Artist Followers
796,Spotify,play,0.87,1000,1000000,False,False,False,False,False,False,False,False,False,False,False,False,True,False,False,False,False,False,False,False,False,False,False,False,False,False,False,True,True,False,Unspecified,Unspecified,🎧 Spotify | Playlist Plays | Global
865,Spotify,play,0.73,1000,1000000,False,False,False,False,False,False,False,False,False,False,False,False,True,False,False,False,False,False,False,False,False,False,False,False,False,False,False,True,True,False,Unspecified,Unspecified,🎧 Spotify | Song Plays | Global
format_list_numberedID,,,1000.0,call_receivedMin order,call_madeMax order,False,False,False,False,False,False,False,False,False,False,False,False,False,False,False,False,False,False,False,False,False,False,False,False,False,False,False,False,False,False,Unspecified,Unspecified,storageService
790,Telegram,channel member,4.35,1000,6000,False,False,False,False,False,False,False,False,False,False,False,False,False,False,False,False,False,False,False,False,False,False,False,False,False,False,False,True,True,False,Unspecified,Unspecified,👥 Telegram | Channel Members
791,,view,0.8,100,150000,False,False,False,False,False,False,False,False,False,False,False,False,False,False,False,False,False,False,False,False,False,False,False,False,False,False,False,True,True,False,Unspecified,Unspecified,🎥 Post Views | Last 5 Posts
792,,view,1.24,100,50000,False,False,False,False,False,False,False,False,False,False,False,False,False,False,False,False,False,False,False,False,False,False,False,False,False,False,False,True,True,False,Unspecified,Unspecified,🎥 Post Views | Last 10 Posts
793,,view,2.32,100,50000,False,False,False,False,False,False,False,False,False,False,False,False,False,False,False,False,False,False,False,False,False,False,False,False,False,False,False,True,True,False,Unspecified,Unspecified,🎥 Post Views | Last 20 Posts
format_list_numberedID,,,1000.0,call_receivedMin order,call_madeMax order,False,False,False,False,False,False,False,False,False,False,False,False,False,False,False,False,False,False,False,False,False,False,False,False,False,False,False,False,False,False,Unspecified,Unspecified,storageService
849,,,4.8,100,20000,False,False,False,False,False,False,False,False,False,False,False,False,False,False,False,False,False,False,False,False,False,False,False,False,False,False,False,False,False,False,Unspecified,Unspecified,Private Service 1
850,,,5.39,100,5000,False,False,False,False,False,False,False,False,False,False,False,False,False,False,False,False,False,False,False,False,False,False,False,False,False,False,False,False,False,False,Unspecified,Unspecified,Private Service 2
866,,,4.62,100,50000,False,False,False,False,False,False,False,False,False,False,True,False,False,False,False,False,False,False,False,False,False,False,False,False,False,False,False,False,False,False,Unspecified,Unspecified,Custom Service (Truze) - F
861,,,5.08,100,200000,False,False,False,False,False,False,False,False,False,False,True,False,False,False,False,False,False,False,False,False,False,False,False,False,False,False,False,False,False,False,Unspecified,Unspecified,Custom Service (Software) - F
855,,,128.7,50,20000,False,False,False,False,False,False,False,False,False,False,False,False,False,False,False,False,False,False,False,False,False,False,False,False,False,False,False,False,False,False,Unspecified,Unspecified,Premium Service 1
860,,,3.9,50,20000,False,False,False,False,False,False,False,False,False,False,True,False,False,False,False,False,False,False,False,False,False,False,False,False,False,False,False,False,False,False,Unspecified,Unspecified,Custom Service (Software) - L
839,,,3.72,100,11000,False,False,False,False,False,False,False,False,False,False,False,False,True,False,False,False,False,False,False,False,False,False,False,False,False,False,False,True,False,False,Unspecified,Unspecified,Private
862,,,148.5,100,30000,False,False,False,False,False,False,False,False,False,False,True,False,False,False,False,False,False,False,False,False,False,False,False,False,False,False,False,False,False,False,Unspecified,Unspecified,Custom Service (AV) - L
863,,,3.17,50,20000,False,False,False,False,False,False,False,False,False,False,True,False,False,False,False,False,False,False,False,False,False,False,False,False,False,False,False,False,False,False,Unspecified,Unspecified,Custom Service (Manual Truze) - L
868,,,4.5,100,30000,False,False,False,False,False,False,False,False,False,False,True,False,False,False,False,False,False,False,False,False,False,False,False,False,False,False,False,False,False,False,Unspecified,Unspecified,Custom Service (Manual Truze) - F (100 - 1k)
870,,,4.62,100,50000,False,False,False,False,False,False,False,False,False,False,True,False,False,False,False,False,False,False,False,False,False,False,False,False,False,False,False,False,False,False,Unspecified,Unspecified,Custom Service (Manual Truze) - F (1k - 5k)
864,,,10.0,100,11000,False,False,False,False,False,False,False,False,False,False,True,False,False,False,False,False,False,False,False,False,False,False,False,False,False,False,False,False,False,False,Unspecified,Unspecified,Custom Service (Choobie) - F
867,,,3.5,100,5000,False,False,False,False,False,False,False,False,False,False,True,False,False,False,False,False,False,False,False,False,False,False,False,False,False,False,False,False,False,False,Unspecified,Unspecified,Custom Service (smvnl) - L
880,,,4.72,500,20000,False,False,False,False,False,False,False,False,False,False,True,False,False,False,False,False,False,False,False,False,False,False,False,False,False,False,False,False,False,False,Unspecified,Unspecified,Custom Service (Tw) - F
881,,,1.15,100,100000,False,False,False,False,False,False,False,False,False,False,True,False,False,False,False,False,False,False,False,False,False,False,False,False,False,False,False,False,False,False,Unspecified,Unspecified,Custom Service (Tw) - I
882,,,4.6,20,10000,False,False,False,False,False,False,False,False,False,False,True,False,False,False,False,False,False,False,False,False,False,False,False,False,False,False,False,False,False,False,Unspecified,Unspecified,Custom Service (Tw) - R
883,,,4.6,20,10000,False,False,False,False,False,False,False,False,False,False,True,False,False,False,False,False,False,False,False,False,False,False,False,False,False,False,False,False,False,False,Unspecified,Unspecified,Custom Service (Tw) - L
884,,,9.2,50,5000,False,False,False,False,False,False,False,False,False,False,True,False,False,False,False,False,False,False,False,False,False,False,False,False,False,False,False,False,False,False,Unspecified,Unspecified,Custom Service (Ti) - F
885,,,9.2,50,10000,False,False,False,False,False,False,False,False,False,False,True,False,False,False,False,False,False,False,False,False,False,False,False,False,False,False,False,False,False,False,Unspecified,Unspecified,Custom Service (Ti) - L
921,,,9.15,100,50000,False,False,False,False,False,False,False,False,False,False,False,False,False,False,False,False,False,False,False,False,False,False,False,False,False,False,False,False,False,False,Unspecified,Unspecified,Test Service - F
922,,,0.85,50,20000,False,False,False,False,False,False,False,False,False,False,False,False,False,False,False,False,False,False,False,False,False,False,False,False,False,False,False,False,False,False,Unspecified,Unspecified,Testing Service
929,,,8.7,50,20000,False,False,False,False,False,False,False,False,False,False,True,False,True,False,False,False,False,False,False,False,True,False,False,False,False,False,False,True,True,False,Unspecified,Unspecified,Custom - N
