ID,Site,Product,Price/1000,Min,Max,Active,Real,Bot,No Drip,Drip,Non-drip,No Drop,Drop,Non-drop,Random,Custom,No Refill,Refill,Non-refill,Female,Male,Power,HQ,LQ,No Guarantee,Guarantee,Refund,No refund,Non-refund,Slow,Fast,Instant,Day,Hour,Bundle,Geo,From,Service
3724,,,12.0,1000,1000,False,False,False,False,False,False,False,False,False,False,False,False,False,False,False,False,False,False,False,False,False,False,False,False,False,False,False,True,False,True,Unspecified,Unspecified,🔥 Buy PUBG Royal Pass {Season 12} Buy 660 UC Get Additional 170 UC FREE + 1 Gift additional🔥🔥 total 830 uc
3725,,,0.18,1000,1000,False,False,False,False,False,False,False,False,False,False,False,False,False,False,False,False,False,False,False,False,False,False,False,False,False,False,False,False,False,False,Unspecified,Unspecified,🔥 Buy PUBG Buy 8 UC
3726,,,0.65,1000,1000,False,False,False,False,False,False,False,False,False,False,False,False,False,False,False,False,False,False,False,False,False,False,False,False,False,False,False,True,False,True,Unspecified,Unspecified,🔥 Buy PUBG Buy 30 UC Get Additional 5 UC FREE + 1 Gift additional 🔥🔥 35 uc total
3727,,,1.25,1000,1000,False,False,False,False,False,False,False,False,False,False,False,False,False,False,False,False,False,False,False,False,False,False,False,False,False,False,False,True,False,True,Unspecified,Unspecified,🔥 Buy PUBG Buy 60 UC Get Additional 15 UC FREE + 1 Gift additional 🔥🔥 75 uc total
3728,,,3.88,1000,1000,False,False,False,False,False,False,False,False,False,False,False,False,False,False,False,False,False,False,False,False,False,False,False,False,False,False,False,True,False,True,Unspecified,Unspecified,🔥 Buy PUBG Buy 180 UC Get Additional 40 UC FREE + 1 Gift additional 🔥🔥 220 uc total
3729,,,12.38,1000,1000,False,False,False,False,False,False,False,False,False,False,False,False,False,False,False,False,False,False,False,False,False,False,False,False,False,False,False,True,False,True,Unspecified,Unspecified,🔥 Buy PUBG Buy 600 UC Get Additional 170 UC FREE + 1 Gift additional 🔥🔥 770 uc total
3730,,,30.25,1000,1000,False,False,False,False,False,False,False,False,False,False,False,False,False,False,False,False,False,False,False,False,False,False,False,False,False,False,False,True,False,True,Unspecified,Unspecified,🔥 Buy PUBG Buy 1500 UC Get Additional 510 UC FREE + 1 Gift additional 🔥🔥 2010 uc total
3731,,,60.65,1000,1000,False,False,False,False,False,False,False,False,False,False,False,False,False,False,False,False,False,False,False,False,False,False,False,False,False,False,False,True,False,True,Unspecified,Unspecified,🔥 Buy PUBG Buy 3000 UC Get Additional 1200 UC FREE + 1 Gift additional 🔥🔥 4200 uc total
3732,,,118.5,1000,1000,False,False,False,False,False,False,False,False,False,False,False,False,False,False,False,False,False,False,False,False,False,False,False,False,False,False,False,True,False,True,Unspecified,Unspecified,🔥 Buy PUBG Buy 6000 UC Get Additional 2750 UC FREE + 1 Gift additional 🔥🔥 8750 uc total
3369,Instagram,,183.8718,1000,1000,False,True,False,False,False,False,False,False,False,False,False,False,False,False,False,False,False,False,False,False,False,True,False,False,False,False,False,False,True,False,Unspecified,Unspecified,Instagram blue tick badge 14000 rs☑️💎
3370,,,131.337,1000,1000,False,True,False,False,False,False,False,False,False,False,False,False,False,False,False,False,False,False,False,False,False,True,False,False,False,False,False,False,True,False,Unspecified,Unspecified,Tik tok popular creater tick ✅☑️
3371,Facebook,,118.2033,1000,1000,False,True,False,False,False,False,False,False,False,False,False,False,False,False,False,False,False,False,False,False,False,True,False,False,False,False,False,False,True,False,Unspecified,Unspecified,Facebook blue tick badge💥💎☑️ 9000 rs 
3642,Instagram,follower,8.25,100,5000,False,True,False,False,False,False,False,True,False,False,False,False,True,False,False,False,False,False,False,False,False,False,False,False,False,True,True,True,False,False,India,Unspecified,Instagram Followers [🇮🇳 INDIAN REAL mix- INSTANT - AR30] ⚡️🆕
3643,Instagram,like,1.05,10,10000,False,False,False,False,False,False,False,False,False,False,False,False,False,False,False,False,False,False,False,False,False,False,False,False,False,False,True,False,False,False,India,Unspecified,ID2811 - Instagram 🇮🇳 Indian Likes [Indian Avtar - Instant - Max 10K] ⚡️⚡️⚡️⭐🔥💧
3644,Instagram,like,3.6,100,45000,False,True,False,False,False,False,False,False,False,False,False,False,True,False,False,False,False,False,False,False,False,False,False,False,False,False,True,True,False,True,India,Unspecified, Instagram 🇮🇳 Indian / mix Likes [🔥Best 100% Real - SUPER HIGH-END] 💧
3645,Instagram,view,0.045,100,300000,False,True,False,False,False,False,False,True,True,False,False,False,False,False,False,False,False,False,False,False,False,False,False,False,False,True,True,False,False,True,India,Unspecified, - Instagram Views + Impressions [REAL 🇮🇳- INDIAN] [300K] [FAST] [💎BEST SERVICE] 🔥💧
3646,YouTube,share,3.0,100,200000,False,False,False,False,False,False,False,False,False,False,False,False,True,False,False,False,False,False,False,False,False,False,False,False,False,False,False,True,False,False,India,Unspecified,- Youtube Shares [🇮🇳India] [Mix Social Media Shares] 🔥💧
3647,YouTube,ads view,2.85,10000,1000000,False,False,False,False,False,False,False,True,True,False,False,False,True,False,False,False,False,False,False,False,True,False,False,False,True,True,False,True,True,True,India,Unspecified, Youtube Ads Views [INDIAN] [1M] [SPEED - 100K-500K] [0-48H] 💧
3648,YouTube,view,2.85,1000,10000000,False,True,False,False,False,False,False,False,False,True,False,False,True,False,False,False,False,False,False,False,True,False,False,False,False,True,True,True,False,True,India,Unspecified,Youtube - India Views [ 400K+/D -🇮🇳🇮🇳🔥💧
3649,,like,6.32,200,5000,False,True,False,False,False,False,False,False,False,False,False,False,True,False,False,False,False,False,False,False,False,False,False,False,False,True,True,False,False,True,India,Unspecified, Tik Tok Likes + Views [🇮🇳 INDIAN - Max 5K Fast Cheap] [💎NEW] ⭐🔥💧
3652,,group member,65.0,500,50000,False,True,False,False,False,False,False,True,True,False,False,False,False,False,False,False,False,False,False,False,False,False,False,False,False,False,True,False,False,True,India,Unspecified,Real Teligram indian group members ( private / publick) 🇮🇳🇮🇳
3651,,member,65.0,500,50000,False,True,False,False,False,False,False,True,True,False,False,False,False,False,False,False,False,False,False,False,False,False,False,False,False,False,True,False,False,True,India,Unspecified, Real Teligram indian channal members ( privte / public) 🇮🇳
3714,Instagram,follower,3.075,100,100000,False,True,False,False,False,False,False,True,False,False,False,False,True,False,False,False,False,True,False,False,False,False,False,False,False,False,False,True,False,False,Unspecified,Unspecified,Instagram Followers Real/Mixed [30days Refill]
3736,Instagram,follower,3.44,50,30000,False,False,False,False,False,False,False,False,False,False,False,False,True,False,False,False,False,True,False,False,False,False,False,False,False,False,True,True,True,False,Unspecified,Unspecified,Instagram HQ Followers - [ Max - 30K ][ Speed: 2K-3K/Day ][ Ultra High Quality ][ 30 Days Refill Button✔️] INSTANT 🔥
3715,Instagram,follower,3.42,100,75000,False,False,False,False,False,False,False,False,False,False,False,False,False,False,False,False,False,True,False,False,False,False,False,False,False,False,True,False,False,False,Unspecified,Unspecified,Instagram followers►► 75k max ( HQ) 1k/D INSTANT
3323,Instagram,follower,5.2535,100,100000,False,False,False,False,False,False,False,False,False,False,False,False,True,False,False,False,False,True,False,False,True,False,False,False,False,True,False,True,True,False,Unspecified,Unspecified,Instagram Followers - [ Speed: 100K ][ ][ SUPERFAST ][ Start: 0-1hr⚡
3324,Instagram,follower,4.1371,50,30000,False,False,False,False,False,False,False,True,False,False,False,False,True,False,False,False,False,True,False,False,False,False,False,False,False,False,False,True,False,True,Unspecified,Unspecified,Instagram HQ Followers - [ Max - 30K ][ Speed: 5K/D ][ 30 Days AR + Refill Button✔️ ][ less drop] Start: 1-2hr 🔥🔥
3325,Instagram,follower,7.171,50,4000,False,False,False,False,False,False,False,False,False,False,False,False,True,False,False,False,False,True,False,False,False,False,False,False,False,False,False,False,False,True,Unspecified,Unspecified,Instagram HQ Followers - [ Max - 4k ][ Speed: 4K ][ AR-30 + Refill Button✔️ ][ 100% big accounts ][ Recommended ]🔥⚡👌
3326,Instagram,follower,6.8952,100,5000,False,True,False,False,False,False,False,True,False,False,False,False,False,False,False,False,False,True,False,False,False,False,False,False,False,False,False,True,False,False,Unspecified,Unspecified,Instagram uHQ Followers - [ Max - 5K ][ Speed: 1K/Day ][ less DROP ][ 100% REAL ][ Good Quality ] ♻🔥
3327,Instagram,follower,4.0682,100,10000,False,False,False,False,False,False,False,False,False,False,False,False,True,False,False,False,False,True,False,False,False,False,False,False,False,False,False,True,False,False,Unspecified,Unspecified,~ Instagram HQ Followers - [ Max - 10K ][ Speed: 500/Day ][ 30 Days Refill Button✔ ][ Recommended ] Start: 0-1 hr 
3328,Instagram,follower,3.3097,50,20000,False,True,False,False,False,False,False,False,False,False,False,False,True,False,False,False,False,False,False,False,False,False,False,False,False,False,False,True,False,False,Unspecified,Unspecified,~ Instagram Followers - [ Max - 20K ][ Speed: 1K/Day ][ 30 Days Refill ][ REAL  HIGH QUALITY ][ Start: 0-1hr🔥🔥🔥
3330,Instagram,follower,4.3853,50,20000,False,True,False,False,False,False,False,True,False,False,False,False,True,False,False,False,False,True,False,False,False,False,False,False,False,False,True,True,False,False,Unspecified,Unspecified,Instagram HQ Followers - [ Max - 20K ][ Speed: 1.5K/Day ][ 20 Days Refill Button✔ ][ Real & Less Drop ][ INSTANT 🔥⭐
3331,Instagram,follower,4.3853,50,15000,False,True,False,False,False,False,False,False,False,False,False,False,True,False,False,False,False,True,False,False,False,False,False,False,False,False,True,True,False,False,Unspecified,Unspecified,~ Instagram HQ Followers - [ Max - 10K ][ Speed: 500/Day ][ REAL  15 Days Refill Button✔ ][ INSTANT 🔥🔥🔥
3332,Instagram,follower,4.5095,50,10000,False,True,False,False,False,False,False,False,False,False,False,False,True,False,False,False,False,True,False,False,False,False,False,False,False,False,True,True,False,True,Unspecified,Unspecified,~ Instagram HQ+REAL Followers - [ Max - 50K ][ Speed: 500-1K/Day ][ 30 Days Refill ][ INSTANT 🔥🔥🔥
3690,Instagram,follower,17.0,100,20000,False,True,False,False,False,False,False,True,False,False,False,False,True,False,False,False,False,False,False,False,False,False,False,False,False,True,True,True,False,False,Unspecified,Unspecified,- Instagram Followers [🔥Best Real - LESSER DROP - Max 20K - AR20] [💎STABLE] 💧👍🏻🆕♻
3691,Instagram,follower,30.2,100,75000,True,True,False,False,False,False,False,True,False,True,False,False,False,False,False,False,False,False,False,False,False,False,False,False,False,False,True,True,False,False,Unspecified,Unspecified,Life time ⚡ Instagram Followers [🔥Best 100% Real Active Instant #Max 20K - R180] [💎NEW~] ⚡️🆕
3688,Instagram,follower,7.8,100,50000,False,True,False,False,False,False,False,True,False,True,False,False,True,False,False,False,False,False,False,False,False,False,False,False,False,False,False,True,False,False,Unspecified,Unspecified,- Instagram Followers [🔥LESS DROP - Max 50K - 3K/D - R30] [💎NEW] 🆕
3689,Instagram,follower,9.2,100,50000,False,True,False,False,False,False,False,True,False,False,False,False,True,False,False,False,False,False,False,False,False,False,False,False,False,False,False,True,False,False,Unspecified,Unspecified, Instagram Followers [🔥90% REAL - LESS DROP - Max 10K - 1K/D - R30] 💎💧🆕
3707,Instagram,follower,0.6,100,10000,False,False,True,False,False,False,False,True,False,False,False,True,True,False,False,False,False,False,False,False,False,True,True,False,False,False,True,True,False,False,Unspecified,Unspecified,Instagram Followers - [ Max - 10k ] [ 1k-2k/day ] [ NO REFILL ] INSTANT
3708,Instagram,follower,0.6,20,10000,False,False,True,False,False,False,False,False,False,False,False,False,False,False,False,False,False,False,False,False,False,False,False,False,False,False,True,True,False,False,Unspecified,Unspecified,Instagram Followers [10K] [PRANK FOLLOWERS] [READ DESCRIPTION]
3709,Instagram,follower,0.86,10,25000,False,False,True,False,False,False,False,False,False,False,False,False,False,False,False,False,False,False,False,False,False,False,False,False,False,False,True,True,False,False,Unspecified,Unspecified,Instagram PRANK Followers [25K] [10K-20K/Day] [READ DESCRIPTION]⛔
3710,Instagram,follower,0.72,20,20000,False,False,True,False,False,False,False,False,False,False,False,False,False,False,False,False,False,False,False,False,False,False,False,False,False,False,True,True,False,False,Unspecified,Unspecified,Instagram PRANK Followers [20K] [10K-20K/Day] [READ DESCRIPTION]
3697,Instagram,like,1.68,50,10000,False,True,False,False,False,False,False,True,False,False,False,False,False,False,False,False,False,False,False,False,False,False,False,False,False,True,True,False,False,False,Unspecified,Unspecified,♛ Instagram Likes - [ Max -10k ] [ Real Likes  Fastest ] INSTANT NON DROP
3696,Instagram,like,4.76,20,50000,False,True,False,False,False,False,False,True,False,False,False,False,False,False,False,False,True,True,False,False,False,False,False,False,False,False,True,True,False,False,Unspecified,Unspecified,♛♛Instagram Likes s1- [Real POWER LIKES] - Instant [50K / DAY] NON DROP
3694,Instagram,like,1.26,50,50000,False,True,False,False,False,False,False,True,False,False,False,False,False,False,False,False,False,False,False,False,False,False,False,False,False,False,True,False,False,False,Unspecified,Unspecified,Instagram Likes- [Real LIKES] - Instant non drop
3351,Instagram,like,1.7074,100,50000,False,False,False,False,False,False,False,True,False,False,False,False,False,False,False,False,False,False,False,False,False,False,False,False,False,True,True,False,False,False,Unspecified,Unspecified, Instagram Likes - [ Max - 50k ] [ Superfast  Mixed Quality Likes ] INSTANT. Non drop
3695,Instagram,like,2.24,50,7000,False,True,False,False,False,False,False,True,False,False,False,False,False,False,False,False,False,False,False,False,False,False,False,False,False,False,True,False,False,False,Unspecified,Unspecified,Instagram Likes -[ Real Likes  ] Instant. Non drop
3350,Instagram,like,1.3134,30,30000,False,False,False,False,False,False,False,False,False,False,False,False,False,False,False,False,False,False,False,False,False,False,False,False,False,True,True,False,True,False,Unspecified,Unspecified,💥👍 Instagram Likes - [ Max - 30k ] [ ULTRAFAST ] SUPER INSTANT
3693,Instagram,like,4.98,50,15000,False,False,False,False,False,False,False,True,False,False,False,False,False,False,False,False,False,False,False,False,False,False,False,False,False,True,True,False,False,False,Unspecified,Unspecified,♛Instagram Likes - [Superfast] - Instant. Non drop
3352,Instagram,like,0.788,20,10000,False,False,False,False,False,False,False,False,False,False,False,False,False,False,False,False,False,False,False,False,False,False,False,False,False,False,True,False,False,False,UK,Unspecified, 👍Instagram Likes - [ Max - 10k ] [ English Names ] [ Natural Increase ] INSTANT 
3692,Instagram,like,0.98,50,10000,False,False,False,False,False,False,False,True,False,False,False,False,False,False,False,False,False,False,False,False,False,False,False,False,False,False,False,False,False,False,UK,Unspecified,Instagram Likes- [English Names] less drop
3353,Instagram,like,0.9745,10,20000,False,False,False,False,False,False,False,False,False,False,False,False,True,False,False,False,False,False,False,False,False,False,False,False,False,False,True,False,True,False,Unspecified,Unspecified,Instagram Likes - [ Max - 20k ] [ 2-3k/Hour ] [AUTO REFILL] INSTANT
3354,Instagram,like,0.9194,100,100000,False,False,False,False,False,False,False,False,False,False,False,False,False,False,False,False,False,False,False,False,False,False,False,False,False,True,True,False,False,False,Unspecified,Unspecified,Instagram Likes - [ Max - 100k ] [ SUPERFAST ] INSTANT
3355,Instagram,like,0.6436,10,30000,False,False,False,False,False,False,False,False,False,False,False,False,False,False,False,False,False,False,False,False,False,False,False,False,False,True,True,False,False,False,Unspecified,Unspecified,Instagram Likes - [ Max - 25k ] [ Superfast ] INSTANT
3356,Instagram,like,0.4873,100,20000,False,False,False,False,False,False,False,False,False,False,False,False,False,False,False,False,False,False,False,False,False,False,False,False,False,True,True,False,False,False,Unspecified,Unspecified,Instagram Likes - [ Max - 20k ] [ FAST ] INSTANT
3357,Instagram,like,0.3218,20,10000,False,False,False,False,False,False,False,False,False,False,False,False,False,False,False,False,False,False,True,False,False,False,False,False,False,False,True,False,False,False,Unspecified,Unspecified,Instagram Likes - [ Max - 10k ] [ LQ ] INSTANT
3426,Instagram,like,0.5976,200,1000,False,False,False,False,False,False,False,False,False,False,False,False,False,False,False,False,False,True,False,False,False,False,False,False,False,True,True,False,False,False,Arab,Unspecified,Instagram Live Video Likes [1K] [ARAB] [INSTANT - INSTANT]
3427,Instagram,like,0.239,200,10000,False,False,False,False,False,False,False,False,False,False,False,True,True,False,False,False,False,False,False,False,False,True,True,False,False,True,True,False,False,False,Unspecified,Unspecified,Instagram Live Video Likes [10K] [INSTANT - INSTANT]
3428,Instagram,like,0.8964,50,1000000,False,False,False,False,False,False,False,False,False,False,False,True,True,False,False,False,False,False,False,False,False,True,True,False,False,True,True,False,False,False,Unspecified,Unspecified,Instagram Live Video Likes [1M] [INSTANT - INSTANT]
3429,Instagram,video view,8.6052,20,1000,False,False,False,False,False,False,False,False,False,False,False,False,False,False,False,False,False,True,False,False,False,False,False,False,False,False,True,False,False,False,Unspecified,Unspecified,Instagram Live Video Views [1K] [INSTANT - INSTANT] 🛑
3430,Instagram,video view,11.9517,100,5000,False,False,False,False,False,False,False,False,False,False,False,True,True,False,False,False,False,False,False,False,False,True,True,False,False,True,True,False,False,False,Unspecified,Unspecified,Instagram Live Video Views [5K] [INSTANT - INSTANT]
3431,Instagram,comment,6.5734,50,2000,False,False,False,False,False,False,False,False,False,True,False,True,True,False,False,False,False,False,False,False,False,True,True,False,False,True,True,False,False,False,Unspecified,Unspecified,Instagram Live Video Comments [2K] [RANDOM] [INSTANT - INSTANT]
3432,Instagram,comment,14.342,10,1000,False,False,False,False,False,False,False,False,False,False,True,True,True,False,False,False,False,False,False,False,False,True,True,False,False,True,True,False,False,False,Arab,Unspecified,Instagram Live Video Comments [1K] [CUSTOM] [ARAB] [INSTANT - INSTANT]
3433,Instagram,comment,10.7565,50,2000,False,False,False,False,False,False,False,False,False,True,False,True,True,False,False,True,False,False,False,False,False,True,True,False,False,True,True,False,False,False,Unspecified,Unspecified,Instagram Live Video Comments [2K] [RANDOM] [MALE] [INSTANT - INSTANT]
3434,Instagram,comment,5.9758,50,2000,False,False,False,False,False,False,False,False,False,True,False,True,True,False,True,True,False,False,False,False,False,True,True,False,False,True,True,False,False,False,Unspecified,Unspecified,Instagram Live Video Comments [2K] [RANDOM] [FEMALE] [INSTANT - INSTANT]
3435,Instagram,like,0.239,200,10000,False,False,False,False,False,False,False,False,False,False,False,True,True,False,False,False,False,False,False,False,False,True,True,False,False,True,True,False,False,False,Unspecified,Unspecified,Instagram Live Video Likes [10K] [INSTANT - INSTANT]
3436,Instagram,comment,7.171,50,2000,False,False,False,False,False,False,False,False,False,True,False,True,True,False,False,False,False,False,False,False,False,True,True,False,False,True,True,True,False,False,Unspecified,Unspecified,Instagram Live Video Comments [2K] [RANDOM] [INSTANT - INSTANT]
3437,Instagram,comment,13.1468,20,1000,False,False,False,False,False,False,False,False,False,False,True,True,True,False,False,False,False,False,False,False,False,True,True,False,False,False,True,True,False,False,Arab,Unspecified,Instagram Live Video Comments [1K] [CUSTOM] [ARAB] [INSTANT - INSTANT]
3745,Instagram,like,3.3,50,20000,False,False,False,False,False,False,False,False,False,False,False,True,True,False,False,False,False,False,False,False,False,False,False,False,False,False,False,True,False,True,Turkey,Unspecified,Instagram Likes + Impressions [TURKEY] [20K] [1H - 10K/Day] 💧
3746,Instagram,like,2.925,100,25000,False,False,False,False,False,False,False,False,False,False,False,True,True,False,False,False,False,False,False,False,False,False,False,False,False,False,True,True,False,False,Iran,Unspecified,Instagram Likes [25K] [IRAN] [INSTANT - 10K/Day]
3747,Instagram,like,3.96,50,5000,False,True,False,False,False,False,False,False,False,False,False,False,False,False,False,False,False,False,False,False,False,False,False,False,False,False,True,False,True,False,Arab,Unspecified,Instagram Likes [5K] [REAL - ARAB]
3748,Instagram,like,0.9,100,10000,False,True,False,False,False,False,False,True,False,False,False,False,False,False,False,False,False,False,False,False,True,False,False,False,True,False,True,True,False,False,Brazil,Unspecified,Instagram Likes [10K] [BRAZIL - REAL] [3H - SUPER SLOW ~ 100/Day]
3749,Instagram,like,5.775,30,2500,False,False,False,False,False,False,False,False,False,False,False,False,False,False,False,False,False,False,False,False,False,False,False,False,False,False,True,False,False,False,Brazil,Unspecified,🇧🇷 Instagram Likes [BRAZIL] [2.5K] [1H - INSTANT]
3750,Instagram,like,2.16,10,23000,False,False,False,False,False,False,False,False,False,False,False,False,False,False,False,False,False,False,False,False,False,False,False,False,False,False,True,True,False,False,Russia,Unspecified,Instagram Likes [10K] [RUSSIA] [INSTANT - 5K/Day]💧
3751,Instagram,like,2.808,100,10000,False,True,False,False,False,False,False,False,False,False,False,False,False,False,False,False,False,False,False,False,False,False,False,False,False,False,False,True,False,False,Arab,Unspecified,🇸🇦Instagram Likes [200] [ARAB - SUPER REAL] [6H - 200/Day]
3752,Instagram,like,2.7,20,100000,False,False,False,False,False,False,False,False,False,False,False,False,False,False,False,False,False,False,False,False,False,False,False,False,False,False,True,False,False,False,China,Unspecified,🇨🇳 Instagram CHINA Likes [100K] [INSTANT - INSTANT] 💧⛔🔥
3753,Instagram,like,3.51,50,5000,False,False,False,False,False,False,False,False,False,False,False,False,False,False,False,False,False,False,False,False,False,False,False,False,False,False,False,False,True,False,Brazil,Unspecified,Instagram Likes [2.5k] [BRAZIL] [6H - 200/Hour] 💧
3754,Instagram,like,3.15,50,10000,False,True,False,False,False,False,False,False,False,False,False,False,False,False,False,False,False,False,False,False,False,False,False,False,False,False,False,False,False,False,Iran,Unspecified,🇮🇷Instagram Likes [10K] [IRAN] [REAL]
3755,Instagram,like,4.68,50,2000,False,False,False,False,False,False,False,False,False,False,False,False,False,False,False,False,False,False,False,False,False,False,False,False,False,False,True,False,False,False,Brazil,Unspecified,Instagram Likes [1K] [BRAZIL] [1H - INSTANT] 💧
3756,Instagram,like,1.05,10,10000,False,False,True,False,False,False,False,False,False,False,False,False,False,False,False,False,False,False,False,False,False,False,False,False,False,True,False,False,False,False,India,Unspecified,Instagram Likes [INDIA] [BOTS - FAST]
3757,Instagram,like,3.525,50,10000,False,True,False,False,False,False,False,False,False,False,False,False,False,False,False,False,False,False,False,False,False,False,False,False,False,False,False,False,False,False,Iran,Unspecified,🇸🇦🇮🇷Instagram Likes [ARAB - IRAN MIX] [10K] [SUPER REAL]
3758,Instagram,like,3.42,20,5000,False,False,False,False,False,False,False,False,False,False,False,False,False,False,False,False,False,False,False,False,False,False,False,False,False,False,False,True,False,True,USA,Unspecified,🇺🇸Instagram Likes + Impression [USA] [5K] [1H - 5K/Day] [EXCLUSIVE] 🔥
3759,Instagram,like,11.7,10,25000,False,False,False,False,False,False,False,False,False,False,False,False,False,False,False,False,False,False,False,False,False,False,False,False,False,False,False,True,False,True,Korea,Unspecified,Instagram Likes + Impression + 10% Followers [SOUTH KOREA] [25K] [1H - 5K/Day] 🔥🔥🔥
3760,Instagram,like,1.3,20,3000,False,True,False,False,False,False,False,False,False,False,False,False,False,False,False,False,False,False,False,False,False,False,False,False,False,False,False,True,False,False,Brazil,Unspecified,🇧🇷 Instagram BRAZIL Likes - [ Max - 3K ][ Speed: 1K/Day ][ Real Mixed ] Start: 0-1hr 🇧🇷
3761,Instagram,like,0.8476,10,5000,False,False,False,False,False,False,False,False,False,False,False,False,False,False,False,False,False,False,False,False,False,False,False,False,False,False,True,True,False,False,Russia,Unspecified,🇷🇺 Instagram Russian Likes [Max - 5K] [Speed: 5K/Day] INSTANT 🔥⚡ 🇷🇺
3762,Instagram,like,1.04,20,10000,False,True,False,False,False,False,False,False,False,False,False,False,False,False,False,False,False,False,False,False,False,False,False,False,False,True,False,False,False,False,Turkey,Unspecified,🇹🇷 Instagram Likes - [ Speed: 5K ][ Real Mixed Turkey ][ Fastest Delivery ][ Start: 0-5 Minutes ⚡🔥 🇹🇷
3763,Instagram,follower,26.0,100,15000,True,True,False,False,False,False,False,False,False,False,False,False,True,False,False,False,False,False,False,False,True,False,False,False,False,False,False,True,True,False,Unspecified,Unspecified,🇧🇷 Instagram Followers by state SP - [ 30 Days Refill Button✔ ]
3764,Instagram,follower,26.0,100,9000,False,False,False,False,False,False,False,False,False,False,False,False,True,False,False,False,False,False,False,False,False,False,False,False,False,False,False,True,False,False,Unspecified,Unspecified,🇧🇷 Instagram Followers by state RJ - [ 30 Days Refill Button✔ ]
3765,Instagram,follower,26.0,100,7000,False,False,False,False,False,False,False,False,False,False,False,False,True,False,False,False,False,False,False,False,False,False,False,False,False,False,False,True,False,False,Unspecified,Unspecified,🇧🇷 Instagram Followers by state MG - [ 30 Days Refill Button✔ ]
3766,Instagram,follower,26.0,100,6600,False,False,False,False,False,False,False,False,False,False,False,False,True,False,False,False,False,False,False,False,False,False,False,False,False,False,False,True,False,False,Unspecified,Unspecified,🇧🇷 Instagram Followers by state BA - [ 30 Days Refill Button✔ ]
3767,Instagram,follower,26.0,100,4500,False,False,False,False,False,False,False,False,False,False,False,False,True,False,False,False,False,False,False,False,False,False,False,False,False,False,False,True,False,False,Unspecified,Unspecified,🇧🇷 Instagram Followers by state CE - [ 30 Days Refill Button✔ ]
3768,Instagram,follower,26.0,100,4500,False,False,False,False,False,False,False,False,False,False,False,False,True,False,False,False,False,False,False,False,False,False,False,False,False,False,False,True,False,False,Unspecified,Unspecified,🇧🇷 Instagram Followers by state PE - [ 30 Days Refill Button✔ ]
3769,Instagram,follower,26.0,100,3100,False,False,False,False,False,False,False,False,False,False,False,False,True,False,False,False,False,False,False,False,False,False,False,False,False,False,False,True,False,False,Unspecified,Unspecified,🇧🇷 Instagram Followers by state PR - [ 30 Days Refill Button✔ ]
3770,Instagram,follower,26.0,100,3000,False,False,False,False,False,False,False,False,False,False,False,False,True,False,False,False,False,False,False,False,False,False,False,False,False,False,False,True,False,False,Unspecified,Unspecified,🇧🇷 Instagram Followers by state GO - [ 30 Days Refill Button✔ ]
3771,Instagram,follower,26.0,100,3000,False,False,False,False,False,False,False,False,False,False,False,False,True,False,False,False,False,False,False,False,False,False,False,False,False,False,False,True,False,False,Unspecified,Unspecified,🇧🇷 Instagram Followers by state RS - [ 30 Days Refill ]
3772,Instagram,follower,26.0,100,2100,False,False,False,False,False,False,False,False,False,False,False,False,True,False,False,False,False,False,False,False,False,False,False,False,False,False,False,True,False,False,Unspecified,Unspecified,🇧🇷 Instagram Followers by state SC - [ 30 Days Refill ]
3773,Instagram,follower,26.0,100,2100,False,False,False,False,False,False,False,False,False,False,False,False,True,False,False,False,False,False,False,False,False,False,False,False,False,False,False,True,False,False,Unspecified,Unspecified,🇧🇷 Instagram Followers by state PA - [ 30 Days Refill ]
3774,Instagram,follower,26.0,100,1800,False,False,False,False,False,False,False,False,False,False,False,False,True,False,False,False,False,False,False,False,False,False,False,False,False,False,False,True,False,False,Unspecified,Unspecified,🇧🇷 Instagram Followers by state MA - [ 30 Days Refill ]
3775,Instagram,follower,26.0,100,1500,False,False,False,False,False,False,False,False,False,False,False,False,True,False,False,False,False,False,False,False,False,False,False,False,False,False,False,True,False,False,Unspecified,Unspecified,🇧🇷 Instagram Followers by state DF - [ 30 Days Refill ]
3776,Instagram,follower,26.0,100,1400,False,False,False,False,False,False,False,False,False,False,False,False,True,False,False,False,False,False,False,False,False,False,False,False,False,False,False,True,False,False,Unspecified,Unspecified,🇧🇷 Instagram Followers by state ES - [ 30 Days Refill ]
3777,Instagram,follower,26.0,100,1300,False,False,False,False,False,False,False,False,False,False,False,False,True,False,False,False,False,False,False,False,False,False,False,False,False,False,False,True,False,False,Unspecified,Unspecified,🇧🇷 Instagram Followers by state PB - [ 30 Days Refill ]
3778,Instagram,follower,26.0,100,1200,False,False,False,False,False,False,False,False,False,False,False,False,True,False,False,False,False,False,False,False,False,False,False,False,False,False,False,True,False,False,Unspecified,Unspecified,🇧🇷 Instagram Followers by state AM - [ 30 Days Refill ]
3779,Instagram,follower,26.0,100,1100,False,False,False,False,False,False,False,False,False,False,False,False,True,False,False,False,False,False,False,False,False,False,False,False,False,False,False,True,False,False,Unspecified,Unspecified,🇧🇷 Instagram Followers by state RN - [ 30 Days Refill ]
3780,Instagram,follower,26.0,100,1100,False,False,False,False,False,False,False,False,False,False,False,False,True,False,False,False,False,False,False,False,False,False,False,False,False,False,False,True,False,False,Unspecified,Unspecified,🇧🇷 Instagram Followers by state AL - [ 30 Days Refill ]
3781,Instagram,follower,9.1,20,10000,False,True,False,False,False,False,False,False,False,False,False,True,True,False,False,False,False,False,False,False,True,False,False,False,False,False,True,False,True,False,Brazil,Unspecified,🇧🇷 Instagram BRAZIL Followers - [ Max - 10K ][ Speed: 1K/Hour ][ Real Mixed ] Start: 0-1hr 🇧🇷
3782,Instagram,follower,6.825,100,50000,False,False,False,False,False,False,False,False,False,False,False,True,True,False,False,False,False,False,False,False,True,False,False,False,False,True,False,True,False,False,Arab,Unspecified,🇦🇪 Instagram ARAB Follower [ Max - 50K ][ Speed: 5k-10K/Day ][ No Refill  Superfast ][ Start: 0-1 hr🔥
3783,Instagram,follower,2.548,100,100000,False,False,False,False,False,False,False,False,False,False,False,True,True,False,False,False,False,False,False,False,False,False,False,False,False,False,False,True,False,False,India,Unspecified,🇮🇳 Instagram Followers - [ Mixed Indian ][ Speed 5K/Day ][ No Refill ] Start: 0-1hr 🇮🇳
3784,Instagram,follower,5.46,100,5000,False,False,False,False,False,False,False,False,False,False,False,False,False,False,False,False,False,False,False,False,False,False,False,False,False,False,True,True,False,False,Arab,Unspecified,🇦🇪 Instagram Followers (ARAB Mixed) - [ Max - 5K ][ Speed: 3K/Day ][ Recommended ] INSTANT🔥⚡🇦🇪
3785,Instagram,follower,2.366,100,100000,False,False,False,False,False,False,False,False,False,False,False,True,True,False,False,False,False,False,False,False,False,False,False,False,False,False,True,False,False,False,Russia,Unspecified,🇷🇺 Instagram ~RUSSIAN~ Followers [Max - 100K] [Speed: 5K] [No Refill] INSTANT 🔥🇷🇺
3398,Instagram,view,0.0552,500,10000000,False,False,False,False,False,False,False,False,False,False,False,False,False,False,False,False,False,False,False,False,False,False,False,False,False,True,True,False,False,False,Unspecified,Unspecified,👁️ Instagram Views - [ Max - 10M ] [ SUPERFAST ] SUPER INSTANT
3399,Instagram,view,0.0368,500,100000,False,False,False,False,False,False,False,False,False,False,False,False,False,False,False,False,False,False,False,False,False,False,False,False,False,True,True,False,False,False,Unspecified,Unspecified,Instagram Views [ Max - 100K ] [ SUPERFAST ] INSTANT
3400,Instagram,view,0.0662,500,10000000,False,False,False,False,False,False,False,False,False,False,False,False,False,False,False,False,False,False,False,False,False,False,False,False,False,True,True,False,False,True,Unspecified,Unspecified,♛ Instagram Views + Impressions [ Max - 10M ] [ SUPERFAST ] SUPER INSTANT
3401,Instagram,view,0.0827,500,1000000,False,False,False,False,False,False,False,False,False,False,False,False,False,False,False,False,False,False,False,False,False,False,False,False,False,True,True,False,False,True,Unspecified,Unspecified,♛ Instagram Views + Impressions + Profile Visits [ Max - 10M ] [ SUPERFAST ] SUPER INSTANT
3402,Instagram,view,0.331,250,1000000,False,False,False,False,False,False,False,False,False,False,False,False,False,False,False,False,False,False,False,False,False,False,False,False,False,True,True,False,False,True,Unspecified,Unspecified,♛ Instagram Views + Impressions + Profile Visits + Interaction [ MAX- 10M ] [ SUPERFAST ] SUPER INSTANT
3403,Instagram,view,0.0552,100,5000000,False,False,False,False,False,False,False,False,False,False,False,False,False,False,False,False,False,False,False,False,False,False,False,False,False,False,True,False,False,False,Unspecified,Unspecified,Instagram Views - [ Max - 1M ] INSTANT
3404,Instagram,view,0.0552,100,50000,False,False,False,False,False,False,False,False,False,False,False,False,False,False,False,False,False,False,False,False,False,False,False,False,False,False,True,False,False,True,Unspecified,other,Instagram Views + Impressions [ Max - 50K ] [ FROM OTHER ] INSTANT
3405,Instagram,view,0.0919,100,2000000,False,False,False,False,False,False,False,False,False,False,False,False,False,False,False,False,False,False,False,False,False,False,False,False,False,False,True,False,False,True,Unspecified,explore,Instagram Views + Impressions [ Max - 2M ] [ FROM EXPLORE ] INSTANT
3406,Instagram,view,0.0919,100,2000000,False,False,False,False,False,False,False,False,False,False,False,False,False,False,False,False,False,False,False,False,False,False,False,False,False,False,True,False,False,True,Unspecified,location,Instagram Views + Impressions [ Max - 2M ] [ FROM LOCATION ] INSTANT
3407,Instagram,view,0.0919,100,2000000,False,False,False,False,False,False,False,False,False,False,False,False,False,False,False,False,False,False,False,False,False,False,False,False,False,False,True,False,False,True,Unspecified,home,Instagram Views + Impressions [ Max - 2M ] [ FROM HOME ] INSTANT
3408,Instagram,view,0.331,100,80000,False,False,False,False,False,False,False,False,False,False,False,False,False,False,False,False,False,False,False,False,False,False,False,False,False,False,True,False,False,False,Arab,Unspecified,Instagram Views - [ Max - 80k ] [ ARAB ] INSTANT
3409,Instagram,view,0.4413,100,55000,False,False,False,False,False,False,False,False,False,False,False,False,False,False,False,False,False,False,False,False,False,False,False,False,False,False,True,False,False,False,USA,Unspecified,Instagram Views - [ Max- 55K ] [ USA ] INSTANT
3410,Instagram,view,0.1103,200,1000000,False,False,False,False,False,False,False,False,False,False,False,False,False,False,False,False,False,False,False,False,False,False,False,False,False,True,True,False,False,True,Turkey,Unspecified,Instagram Views + Impressions - [ Max - 1M ] [TURKEY] [ SUPERFAST ] INSTANT
3471,Instagram,view,0.0313,500,10000000,False,False,False,False,False,False,False,False,False,False,False,False,False,False,False,False,False,False,False,False,False,False,False,False,False,False,False,True,False,False,Unspecified,Unspecified,Instagram TV Views [1M/day] [ Cheapest in market]⚡🔥
3472,Instagram,view,0.0363,500,10000000,False,False,False,False,False,False,False,False,False,False,False,False,False,False,False,False,False,False,False,False,False,False,False,False,False,False,False,False,True,False,Unspecified,Unspecified,Instagram TV Views [3M/Hour]
3473,Instagram,view,0.075,200,500000,False,False,False,False,False,False,False,False,False,False,False,False,False,False,False,False,False,False,False,False,False,False,False,False,False,False,False,True,False,False,Unspecified,Unspecified,Instagram TV Views {5M} [ 1m/Day]
3474,Instagram,view,0.125,200,100000000,False,False,False,False,False,False,False,False,False,False,False,False,False,False,False,False,False,False,False,False,False,False,False,False,False,False,False,True,False,False,Unspecified,Unspecified,Instagram TV Views [5M/day]
3475,Instagram,like,1.3125,100,2000,False,False,False,False,False,False,False,False,False,False,False,False,False,False,False,False,False,False,False,False,False,False,False,False,False,False,True,False,False,False,Unspecified,Unspecified,Instagram TV Likes - Instant Start
3476,Instagram,like,0.525,100,10000,False,False,False,False,False,False,False,False,False,False,False,False,False,False,False,False,False,False,False,False,False,False,False,False,False,False,True,False,False,False,Unspecified,Unspecified,Instagram Likes on Comment
3477,Instagram,like,1.25,20,4000,False,False,False,False,False,False,False,False,False,False,False,False,False,False,False,False,False,False,False,False,False,False,False,False,False,False,False,False,False,False,Unspecified,Unspecified,Instagram Comments Likes ( Like on comment ) ( Min 20 - Max 4000 ) ( Recommended )
3478,Instagram,comment,26.25,10,400,False,False,False,False,False,False,False,False,False,False,False,False,False,False,False,False,False,False,False,False,False,False,False,False,False,False,False,False,False,False,India,Unspecified,Instagram Indian Comments [ Max 500 ]
3479,Instagram,comment,6.25,10,100000,False,True,False,False,False,False,False,False,False,False,True,False,False,False,False,False,False,False,False,False,False,False,False,False,False,False,False,False,False,False,Unspecified,Unspecified,Instagram Custom Comments - Min 10 | Max 10K - Real Accounts
3480,Instagram,comment,4.6875,5,100000,False,False,True,False,False,False,False,False,False,False,True,False,False,False,False,False,False,False,False,False,False,False,False,False,False,True,False,False,False,False,Unspecified,Unspecified,Instagram Custom Comments ( Min 5 - Max 100000 ) [Cheap Service ] [ Bot Account]
3481,Instagram,comment,25.0,5,1000,False,False,False,False,False,False,False,False,False,False,True,False,False,False,False,False,False,True,False,False,False,False,False,False,False,True,False,False,False,False,Unspecified,Unspecified,Instagram Super Fast Custom Comments [ HQ ] ( Min 5 | Max 500 )
3482,Instagram,comment,25.0,5,1000,False,False,False,False,False,False,False,False,False,False,False,False,False,False,False,False,False,False,False,False,False,False,False,False,False,True,False,False,False,False,Unspecified,Unspecified,High Quality Instagram Comments [fast] ⚡️💧⭐ ( Min 5 | Max 800 )
3487,Instagram,story view,0.0375,100,50000,False,False,False,False,False,False,False,False,False,False,False,False,False,False,False,False,False,False,False,False,False,False,False,False,False,False,False,False,False,False,Unspecified,Unspecified,Instagram Story Views [ All Story] [ Max 50k ] [ 0.03$/K]
3488,Instagram,story view,0.075,100,5000,False,False,False,False,False,False,False,False,False,False,False,False,False,False,False,False,False,False,False,False,False,False,False,False,False,False,False,False,False,False,Unspecified,Unspecified,Instagram Story Views [3K] - All Story
3489,Instagram,story view,1.25,100,500000,False,False,False,False,False,False,False,False,False,False,False,False,False,False,False,False,False,False,False,False,False,False,False,False,False,False,False,False,False,False,Unspecified,Unspecified,Instagram Story Views [500K]
3490,Instagram,impression,0.25,5,100000,False,False,False,False,False,False,False,False,False,False,False,False,False,False,False,False,False,False,False,False,False,False,False,False,False,False,False,False,False,False,Unspecified,Unspecified,Instagram Impressions ( Min 5 | Max 100K )
3491,Instagram,impression,0.125,100,1000000,False,False,False,False,False,False,False,False,False,False,False,False,False,False,False,False,False,False,False,False,False,False,False,False,False,False,True,True,False,False,Unspecified,Unspecified,Instagram - Impression [ Min 100 | Max 100k/day ] INSTANT
3492,Instagram,impression,0.0625,50,100000,False,False,False,False,False,False,False,False,False,False,False,False,False,False,False,False,False,False,False,False,False,False,False,False,False,False,False,False,False,False,Unspecified,Unspecified,Instagram Impressions ( Min 50 | Max 100k )
3493,Instagram,saves,0.15,250,100000,False,False,False,False,False,False,False,False,False,False,False,False,False,False,False,False,False,False,False,False,False,False,False,False,False,True,False,False,False,False,Unspecified,Unspecified,Instagram Saves ( Fast ) Best Quality ( Min 10 | Max 100k )
3494,Instagram,,0.3375,400,10000,False,False,False,False,False,False,False,False,False,False,False,False,False,False,False,False,False,False,False,False,False,True,True,False,False,False,False,False,False,False,Unspecified,Unspecified,Instagram last Story - 1 Mint Delivery - Only Username - No refund
3495,,view,0.5875,100,5000,False,False,False,False,False,False,False,False,False,False,False,False,False,False,False,False,False,False,False,False,False,False,False,False,False,False,False,False,False,False,Unspecified,Unspecified,İnstagram All Views Story
3496,Instagram,,0.1875,500,10000,False,False,False,False,False,False,False,False,False,False,False,False,False,False,False,False,False,False,False,False,False,True,True,False,False,False,False,False,False,False,Unspecified,Unspecified,Instagram Last Story - Only Username - No Refund
3497,Instagram,,0.225,100,5000,False,False,False,False,False,False,False,False,False,False,False,False,False,False,False,False,False,False,False,False,False,True,True,False,False,False,True,False,False,False,Unspecified,Unspecified,Instagram All Story - Instant Start- No refund
3498,Instagram,saves,0.1375,250,5000,False,False,False,False,False,False,False,False,False,False,False,False,False,False,False,False,False,False,False,False,False,False,False,False,False,False,False,False,False,False,Unspecified,Unspecified,IG Promotional Saves Min 10 Max 5K
3499,Instagram,saves,0.0188,10,2000,False,False,False,False,False,False,False,False,False,False,False,False,False,False,False,False,False,False,False,False,False,False,False,False,False,False,False,False,False,False,Unspecified,Unspecified,Instagram Saves [ Max 2k ]
3500,Instagram,story view,0.1,500,5000,False,False,False,False,False,False,False,False,False,False,False,False,False,False,False,False,False,False,False,False,False,False,False,False,False,False,False,False,False,False,Unspecified,Unspecified,Instagram Story Views [5K] - All Story
3501,,,0.15,100,5000,False,False,False,False,False,False,False,False,False,False,False,False,False,False,False,False,False,False,False,False,False,False,False,False,False,False,False,False,False,False,Unspecified,Unspecified,İnstagram Last Story Max 5k
3502,Instagram,saves,0.025,100,80000,False,False,False,False,False,False,False,False,False,False,False,False,False,False,False,False,False,False,False,False,False,False,False,False,False,False,False,False,False,False,Unspecified,Unspecified,Instagram Saves - Max 50k - New Service
3483,Instagram,,0.75,100,30000,False,False,False,False,False,False,False,False,False,False,False,False,False,False,False,False,False,False,False,False,False,False,False,False,False,False,False,False,False,False,Unspecified,Unspecified,Instagram Video Reach
3484,Instagram,,0.825,100,30000,False,False,False,False,False,False,False,False,False,False,False,False,False,False,False,False,False,False,False,False,False,False,False,False,False,False,False,False,False,False,Unspecified,Unspecified,Instagram Photo Reach
3485,Instagram,view,2.625,20,20000,False,False,False,False,False,False,False,False,False,False,False,False,False,False,False,False,False,False,False,False,False,False,False,False,False,False,False,False,False,False,Unspecified,Unspecified,Instagram Highlight Views
3486,Instagram,post,0.0413,10,10000,False,False,False,False,False,False,False,False,False,False,False,False,False,False,False,False,False,False,False,False,False,False,False,False,False,False,False,True,False,False,Unspecified,Unspecified,Instagram Profile Visits [ 0.033$/K- Add Post Link]
3786,TikTok,like,1.054,100,3000,False,True,False,False,False,False,False,False,False,False,False,False,False,False,False,False,False,False,False,False,False,False,False,False,False,True,False,False,True,False,Unspecified,Unspecified,▶️ Tiktok Likes [ Max 3k ] [ 3k/Hour] cheapest likes { fast}
3713,TikTok,like,2.24,100,10000,False,False,False,False,False,False,False,False,False,False,False,False,False,False,False,False,False,False,False,False,False,False,False,False,False,False,False,True,False,True,Unspecified,Unspecified,TikTok Likes ( cheapest no reffil)
3716,,like,8.0,50,30000,False,True,False,False,False,False,False,False,False,False,False,False,False,False,False,False,False,False,False,False,False,False,False,False,False,False,True,True,False,False,Unspecified,Unspecified,Tik Tok - Likes - Instant start ( Min 10 - Max 30k- 10k/day )[ Recommended] - Real
3721,,like,5.925,200,5000,False,True,False,False,False,False,False,False,False,False,False,False,False,False,False,False,False,False,False,False,False,False,False,False,False,True,True,False,False,True,India,Unspecified, Tik Tok Likes + Views [🇮🇳 INDIAN - Max 5K Fast Cheap] [💎NEW] ⭐🔥💧
3722,,like,18.6,50,1000000,False,True,False,False,False,False,False,True,False,False,False,False,True,False,False,False,False,False,False,False,False,False,False,False,False,True,False,True,False,False,Unspecified,Unspecified,Tik Tok Likes Real Mix Fastest - 💎NON DROP -Lifetime] 💧👍🏻
3717,,follower,4.8,50,50000,False,False,True,False,False,False,False,False,False,False,False,False,True,False,False,False,False,False,False,False,True,False,False,False,False,False,False,True,False,False,Unspecified,Unspecified,Tik Tok - Followers - Add Profile Link -Bot Quality - 20k/day
3719,TikTok,follower,7.35,100,50000,False,False,False,False,False,False,False,True,False,False,False,False,False,False,False,False,False,False,False,False,False,False,False,False,False,False,True,True,False,False,Unspecified,Unspecified,Tiktok Follower Max 50K [50K/D [Non Drop] [R∞]
3723,,follower,15.75,20,10000,False,False,False,False,False,False,False,True,False,False,False,False,True,False,False,False,False,True,False,False,False,False,False,False,False,False,True,False,False,False,Unspecified,Unspecified,ID1658 - Tik Tok Followers [10K Super Instant] [💎NON DROP LIFETIME] ⚡️⚡️⚡️⚡️⭐🔥💧🆕👍🏻
3787,TikTok,view,0.0105,500,1000000000,False,False,False,False,False,False,False,False,False,False,False,False,False,False,False,False,False,False,False,False,False,False,False,False,False,False,True,False,True,False,Unspecified,Unspecified,Tiktok - Views - [ SUPER INSTANT] (Recommended) - [ SPEED 1M / HOUR] 🔥🔥
3372,YouTube,view,1.9307,1000,2000000,False,False,False,False,False,False,False,True,False,False,False,False,True,False,False,False,False,False,False,False,True,False,False,False,False,False,True,True,False,False,Unspecified,Unspecified,YouTube Views - [ Max - 2M ][ Speed: 20K-30k/Day ][ NON DROP✔️ ] Start:1-2 
3373,YouTube,view,1.8617,1000,100000000,False,False,False,False,False,False,False,False,False,False,False,False,True,False,False,False,False,False,False,False,True,False,False,False,False,True,False,True,False,False,Unspecified,Unspecified,YouTube Views - [ Max - 100M ][ Speed: 50K-100K/Day ][ Ultrafast Speed ][ Start: 0-2hr 🔥🔥
3374,YouTube,view,1.8203,1000,1000000,False,False,False,False,False,False,False,True,False,False,False,False,True,False,False,False,False,False,False,False,True,False,False,False,False,False,True,True,False,False,Unspecified,Unspecified,~ YouTube Views - [ Max - 1M ][ Speed: 250K/Day ][ R~30 ][ INSTANT ][ START⚡⚡🔥🔥
3375,YouTube,view,1.2868,200,50000000,False,True,False,False,False,False,False,True,False,True,False,False,True,False,False,False,False,False,False,False,False,False,False,False,False,False,True,True,False,True,Unspecified,Unspecified,YouTube Views -100K+ 30 days reffil[💧🆕
3378,YouTube,view,0.788,200,100000000,False,False,False,False,False,False,False,True,False,False,False,True,True,False,False,False,False,False,False,False,False,False,False,False,False,False,True,True,False,False,Unspecified,Unspecified,Youtube - Views [ 5k-20k/day ] [ No Refill ] [ drop] INSTANT
3703,YouTube,view,1.875,1000,20000,False,False,False,False,False,False,False,False,False,False,False,False,False,False,False,False,False,False,False,False,False,False,False,False,False,False,True,True,False,False,Unspecified,Unspecified,Youtube Views [20K] [AR30] [INSTANT - 20K/Day] 🔥
3704,YouTube,view,1.08,200,100000000,False,False,False,False,False,False,False,False,False,False,False,True,True,False,False,False,False,False,False,False,False,False,False,False,False,False,True,True,False,False,Unspecified,Unspecified,Youtube Views [100M] [1H - 30K/Day]
3705,YouTube,view,2.7,1000,10000000,False,False,False,False,False,False,True,True,False,False,False,False,True,False,False,False,False,False,False,False,True,False,False,False,False,False,False,True,False,False,Unspecified,Unspecified,Youtube Views [∞] [NO DROP] [1H - 200K/Day] 💧 🔥🔥🔥🔥
3438,,like,131.337,1000,1000,False,False,False,False,False,False,False,True,True,False,False,False,False,False,False,False,False,False,False,False,True,True,True,False,False,False,False,True,True,True,Unspecified,Unspecified,You tube full monetization pack ( 1000 subs + 4000 hours + 10 000 views + 200 comments + 200 likes)
3439,YouTube,,14.0,1000,4000,False,False,False,False,False,False,False,True,True,False,False,False,False,False,False,False,False,False,False,False,True,True,True,False,False,False,False,True,True,True,Unspecified,Unspecified,YouTube 4000 HOURS Watch Time [ Put video 2h+ ] 🔥🔥
3440,YouTube,,15.0,1000,4000,False,False,False,False,False,False,False,True,True,False,False,False,False,False,False,False,False,False,False,False,True,True,True,False,False,False,False,True,True,True,Unspecified,Unspecified,YouTube 4000 HOURS Watch Time [ Put video 1h+ ] 🔥💥
3441,YouTube,watchtime,100.0,1000,1000,False,False,False,False,False,False,False,True,True,False,False,False,False,False,False,False,False,False,False,False,True,True,True,False,False,False,False,True,True,True,Unspecified,Unspecified,YouTube Monetization 4K Watchtime Pack - [ Speed: 1000hr / Day ][ Never Drop ]💎🔥
3450,YouTube,view,1.96,300,500,False,True,False,False,False,False,False,True,False,False,False,True,True,False,False,False,False,False,False,False,True,False,False,False,False,False,True,False,False,True,Unspecified,Unspecified,- Youtube Live Stream Views 100% REAL] [MONETIZABLE] [30 MINS] ⭐💧
3451,YouTube,view,2.8,400,500,False,True,False,False,False,False,False,False,False,False,False,False,False,False,False,False,False,False,False,False,True,False,False,False,False,False,True,False,False,True,Unspecified,Unspecified,- Youtube Live Stream Views [100% REAL] [MONETIZABLE] [60 MINS] ⚡️⭐💧
3442,YouTube,view,0.882,1000,10000,False,False,False,False,False,False,False,False,False,False,False,False,False,False,False,False,False,False,False,False,False,False,False,False,False,False,True,False,True,False,Unspecified,Unspecified,YouTube Pre-Premiere Waiting Views [ 1-5k per 1 hour] INSTANT
3443,YouTube,view,4.83,1000,100000,False,True,False,False,False,False,False,False,False,False,False,False,False,False,False,False,False,False,False,False,True,False,False,False,False,False,True,False,True,True,Unspecified,Unspecified,YouTube Pre-Premiere Waiting Views INSTANT
3444,YouTube,comment,80.0,10,1500,False,False,False,False,False,False,False,False,False,False,False,False,False,False,False,False,False,False,False,False,False,False,False,False,False,False,True,False,True,False,USA,Unspecified,Youtube Live Stream Chat Comments [1500] [🎯USA ]
3445,YouTube,view,5.04,10000,10000,False,True,False,False,False,False,False,False,False,False,False,False,False,False,False,False,False,False,False,False,True,False,False,False,False,True,True,False,True,True,Unspecified,Unspecified,Youtube Live Stream Views [MONETIZABLE] [Ultra Fast] [REAL] Start:INSTANT⚡🔥
3446,YouTube,view,5.6294,1000,100000,True,True,False,False,False,False,False,False,False,True,False,True,True,False,False,False,False,False,False,False,True,True,False,False,False,False,True,False,False,False,Unspecified,Unspecified,Youtube Live Stream Views [ MONETIZABLE ] [ REAL ] INSTANT
3447,YouTube,view,12.6,1000,1000,False,True,False,False,False,False,False,False,False,False,False,False,False,False,False,False,False,False,False,False,True,False,False,False,False,False,False,True,True,False,Unspecified,Unspecified,YouTube Live Stream Views - [ Full Day Continue Stream ]
3448,YouTube,view,31.92,1000,1000,False,True,False,False,False,False,False,False,False,False,False,False,False,False,False,False,False,False,False,False,True,False,False,False,False,False,False,True,True,False,Unspecified,Unspecified,YouTube Live Stream Views - [ 3 Days Continue Stream ]
3449,YouTube,view,67.2,1000,1000,False,True,False,False,False,False,False,False,False,False,False,False,False,False,False,False,False,False,False,False,True,False,False,False,False,False,False,True,True,False,Unspecified,Unspecified,YouTube Live Stream Views - [ 7 Days Continue Stream ]
3452,YouTube,view,2.94,1000,10000000,False,False,False,False,False,False,False,True,False,False,False,False,True,False,False,False,False,False,False,False,False,False,False,False,False,False,True,True,False,False,Turkey,Unspecified,🇹🇷 Turkey Targeted YouTube Views - ♻
3453,YouTube,view,2.94,1000,10000000,False,False,False,False,False,False,False,True,False,False,False,False,True,False,False,False,False,False,False,False,False,False,False,False,False,False,True,True,False,False,UK,Unspecified,🇬🇧 UK Targeted YouTube Views - ♻
3454,YouTube,view,2.94,1000,10000000,False,False,False,False,False,False,False,True,False,False,False,False,True,False,False,False,False,False,False,False,False,False,False,False,False,False,True,True,False,False,India,Unspecified,🇮🇳 YouTube Views INDIA
3455,YouTube,view,2.94,1000,10000000,False,False,False,False,False,False,False,True,False,False,False,False,True,False,False,False,False,False,False,False,False,False,False,False,False,False,True,True,False,False,Brazil,Unspecified,🇧🇷 Brazil Targeted YouTube Views - ♻
3456,YouTube,view,2.94,1000,10000000,False,False,False,False,False,False,False,True,False,False,False,False,True,False,False,False,False,False,False,False,False,False,False,False,False,False,True,True,False,False,Russia,Unspecified,🇷🇺 Russia Targeted YouTube Views - ♻
3457,YouTube,view,2.94,1000,10000000,False,False,False,False,False,False,False,True,False,False,False,False,True,False,False,False,False,False,False,False,False,False,False,False,False,False,True,True,False,False,France,Unspecified,🇫🇷 France Targeted YouTube Views - ♻
3458,YouTube,view,2.94,1000,10000000,False,False,False,False,False,False,False,True,False,False,False,False,True,False,False,False,False,False,False,False,False,False,False,False,False,False,True,True,False,False,Italy,Unspecified,🇮🇹 Italy Targeted YouTube Views - ♻
3459,YouTube,view,2.94,500,10000000,False,False,False,False,False,False,False,True,False,False,False,False,True,False,False,False,False,False,False,False,False,False,False,False,False,False,True,True,False,False,Australia,Unspecified,🇦🇺 Australia Targeted YouTube Views - ♻
3460,YouTube,view,2.94,1000,10000000,False,False,False,False,False,False,False,True,False,False,False,False,True,False,False,False,False,False,False,False,False,False,False,False,False,False,True,True,False,False,Canada,Unspecified,🇨🇦 Canada Targeted YouTube Views - ♻
3461,YouTube,view,2.94,1000,10000000,False,False,False,False,False,False,False,True,False,False,False,False,True,False,False,False,False,False,False,False,False,False,False,False,False,False,True,True,False,False,Israel,Unspecified,🇮🇱 Israel Targeted YouTube Views - ♻
3462,YouTube,view,2.94,1000,10000000,False,False,False,False,False,False,False,True,False,False,False,False,True,False,False,False,False,False,False,False,False,False,False,False,False,False,True,True,False,False,Pakistan,Unspecified,🇵🇰 Pakistan Targeted YouTube Views - ♻
3463,YouTube,view,2.94,1000,10000000,False,False,False,False,False,False,False,True,False,False,False,False,True,False,False,False,False,False,False,False,False,False,False,False,False,False,True,True,False,False,Unspecified,Unspecified,🇭🇰 Hong Kong Targeted YouTube Views - ♻
3464,YouTube,view,2.94,1000,10000000,False,False,False,False,False,False,False,True,False,False,False,False,True,False,False,False,False,False,False,False,False,False,False,False,False,False,True,True,False,False,Poland,Unspecified,🇵🇱 Poland Targeted YouTube Views - ♻
3465,YouTube,view,2.94,1000,10000000,False,False,False,False,False,False,False,True,False,False,False,False,True,False,False,False,False,False,False,False,False,False,False,False,False,False,True,True,False,False,Japan,Unspecified,🇯🇵 Japan Targeted YouTube Views - ♻
3466,YouTube,view,2.94,1000,10000000,False,False,False,False,False,False,False,True,False,False,False,False,True,False,False,False,False,False,False,False,False,False,False,False,False,False,True,True,False,False,Spain,Unspecified,🇪🇸 Spain Targeted YouTube Views - ♻
3467,YouTube,view,2.94,1000,10000000,False,False,False,False,False,False,False,True,False,False,False,False,True,False,False,False,False,False,False,False,False,False,False,False,False,False,True,True,False,False,Taiwan,Unspecified,🇹🇼 Taiwan Targeted YouTube Views - ♻
3468,YouTube,view,2.94,1000,10000000,False,False,False,False,False,False,False,True,False,False,False,False,True,False,False,False,False,False,False,False,False,False,False,False,False,False,True,True,False,False,Portugal,Unspecified,PORTUGAL Targeted YouTube Views - ♻
3469,YouTube,view,2.94,1000,10000000,False,False,False,False,False,False,False,True,False,False,False,False,True,False,False,False,False,False,False,False,False,False,False,False,False,False,True,True,False,False,Morocco,Unspecified,MOROCCO Targeted YouTube Views - ♻
3470,YouTube,view,2.94,1000,10000000,False,False,False,False,False,False,False,True,False,False,False,False,True,False,False,False,False,False,False,False,False,False,False,False,False,False,True,True,False,False,Belgium,Unspecified,BELGIUM Targeted YouTube Views - ♻
3425,YouTube,subscriber,32.8343,50,10000,False,True,False,False,False,False,False,True,True,False,False,False,True,False,False,False,False,True,False,False,False,False,False,False,False,True,False,True,False,False,Unspecified,Unspecified,☑️ Youtube Subscribers [Max 10K Per Channel - 10K Per Day - Non-Drop - Lifetime] 👍🏻🆕
3712,YouTube,subscriber,14.0,50,7000,False,True,False,False,False,False,False,True,False,False,False,False,True,False,False,False,False,False,False,False,False,False,False,False,False,False,False,True,True,False,Unspecified,Unspecified,Youtube Subscriber - 30 Days Refill - 5k/day ( 30 Days Refill with Button )
3411,YouTube,like,2.7581,100,5000,False,True,False,False,False,False,False,False,False,False,False,True,True,False,False,False,False,False,False,False,False,True,True,False,False,True,True,False,False,False,Unspecified,Unspecified,Youtube Likes ( Instant ) Fast ( No Refill and Cheapest ) ( Min 100 and Max 5k )
3414,YouTube,like,7.3549,10,10000,False,False,False,False,False,False,False,False,False,False,False,False,True,False,False,False,False,False,False,False,False,False,False,False,False,False,False,True,False,True,Unspecified,Unspecified,( New Service ) Youtube Likes - [ 30 Days Refill - Max 5K ] [ Speed 100+/D ]
3415,YouTube,like,13.2388,10,2000000,False,False,False,False,False,False,False,False,False,False,False,True,True,False,False,False,False,False,False,False,False,False,False,False,False,False,False,False,False,False,Unspecified,Unspecified,Youtube Likes 200K Base{ No refill }
3416,YouTube,like,14.7097,20,200000,False,False,False,False,False,False,False,False,False,False,False,False,False,False,False,False,False,False,False,False,False,False,False,False,False,False,False,False,False,False,Unspecified,Unspecified,Youtube Dislikes 200k
3417,YouTube,like,9.7452,10,20000,False,False,False,False,False,False,False,False,False,False,False,False,False,False,False,False,False,False,False,False,False,False,False,False,False,False,False,False,False,False,Unspecified,Unspecified,Youtube Comments Likes ( Min: 10 ) ( upvote )
3418,YouTube,like,9.7452,10,20000,False,False,False,False,False,False,False,False,False,False,False,False,False,False,False,False,False,False,False,False,False,False,False,False,False,False,False,False,False,False,Unspecified,Unspecified,Youtube Comments Dislikes ( Min: 10 ) ( Downvote )
3419,YouTube,comment,22.0646,10,1500,False,False,False,False,False,False,False,False,False,False,True,False,False,False,False,False,False,False,False,False,False,False,False,False,False,False,True,False,False,False,Unspecified,Unspecified,Youtube Video Custom Comments Min 5 Max 1500 - Instant Start
3420,YouTube,like,13.7904,10,10000,False,False,False,False,False,False,False,False,False,False,False,False,True,False,False,False,False,False,False,False,False,False,False,False,False,True,False,True,False,False,Unspecified,Unspecified,Youtube Likes ( Super Fast ) 30 Days Refill ( Min 10 : Max 10k )
3421,YouTube,like,20.2259,50,7000,False,False,False,False,False,False,False,False,False,False,False,False,False,False,False,False,False,False,False,False,False,False,False,False,False,False,True,True,False,False,Unspecified,Unspecified,( New ) Youtube - Dislikes [ Best Service ] [ 2k-5k/day ] SUPER INSTANT
3422,YouTube,like,22.0646,100,100000,False,False,False,False,False,False,False,False,False,False,False,False,False,False,False,False,False,False,False,False,False,False,False,False,False,True,True,False,False,False,Unspecified,Unspecified,YouTube Super Fast Dislikes ( Instant ) ( Min 50 : Max 100k )
3423,YouTube,like,32.1776,50,100000,False,True,False,False,False,False,False,True,False,False,False,False,False,False,False,False,False,False,False,False,False,False,False,False,False,False,True,True,False,False,Unspecified,Unspecified,Youtube - Likes [100% REAL] [1k-2k/DAY] [LESS DROP] [ INSTANT]
3424,YouTube,like,22.0646,100,100000,False,False,False,False,False,False,False,False,False,False,False,False,False,False,False,False,False,False,False,False,False,False,False,False,False,True,True,False,False,False,Unspecified,Unspecified,YouTube Super Fast Likes ( Instant ) ( Min 50 : Max 100k )
3333,Telegram,channel member,1.4447,100,1000,False,False,False,False,False,False,False,True,False,False,False,True,True,False,False,False,False,False,False,False,False,False,False,False,False,False,True,True,False,False,Unspecified,Unspecified,Telegram Channel Members [ 1K Per Time] [INSTANT] [💎NEW] 👍🏻💧
3733,Telegram,channel member,1.875,100,50000,True,True,False,False,False,False,False,False,False,False,False,True,True,False,False,False,False,False,False,False,False,False,False,False,False,True,True,False,False,False,Unspecified,Unspecified,Telegram Channel Members (Instant Start) [Max 50K]
3734,Telegram,channel member,2.25,100,200000,True,True,False,False,False,False,False,False,False,False,False,True,True,False,False,False,False,False,False,False,False,False,False,False,False,True,True,False,False,False,Unspecified,Unspecified,Telegram Channel Members [Instant Start] [ 200K ]
3336,Telegram,channel member,3.2834,250,100000,True,True,False,False,False,False,False,True,False,False,False,True,True,False,False,False,False,False,False,False,False,False,False,False,False,True,True,False,False,False,Unspecified,Unspecified,💥 Telegram Channel Members [- Max 100K] [🤵best less / drop ()🆕👍🏻
3735,Telegram,group member,2.16,100,50000,False,True,False,False,False,False,False,True,False,False,False,True,True,False,False,False,False,False,False,False,False,False,False,False,False,False,True,True,False,False,Unspecified,Unspecified,Telegram group Members [ Real ] [ Max 50k] [10k/day] [CHEAPEST]
3395,Telegram,like,2.6267,100,70000,False,False,False,False,False,False,False,False,False,False,False,False,False,False,False,False,False,False,False,False,False,False,False,False,False,False,True,True,True,False,Unspecified,Unspecified,Telegram Vote [Like] [70K] [1H - 70K/Day]
3396,Telegram,view,3.0339,100,500000,False,True,False,False,False,False,False,False,False,False,False,True,True,False,False,False,False,False,False,False,False,False,False,False,False,False,False,True,True,False,Unspecified,Unspecified,Telegram Post Views [500K] [Last 50] [1H - 500K/Day]
3698,Telegram,view,0.075,100,500000,False,True,False,False,False,False,False,False,False,False,False,True,True,False,False,False,False,False,False,False,False,False,False,False,False,False,False,False,True,False,Unspecified,Unspecified,Telegram Post View [Last 1 Post] [500K]
3699,Telegram,view,0.375,100,500000,False,True,False,False,False,False,False,False,False,False,False,True,True,False,False,False,False,False,False,False,False,False,False,False,False,False,False,False,True,False,Unspecified,Unspecified,Telegram Post View [Last 5 Post] [500K]
3700,Telegram,view,0.75,100,500000,False,True,False,False,False,False,False,False,False,False,False,True,True,False,False,False,False,False,False,False,False,False,False,False,False,False,False,False,True,False,Unspecified,Unspecified,Telegram Post View [Last 10 Post] [500K]
3701,Telegram,view,1.5,100,500000,False,True,False,False,False,False,False,False,False,False,False,True,True,False,False,False,False,False,False,False,False,False,False,False,False,False,False,False,True,False,Unspecified,Unspecified,Telegram Post View [Last 20 post] [500K]
3702,Telegram,view,7.5,100,500000,False,True,False,False,False,False,False,False,False,False,False,True,True,False,False,False,False,False,False,False,False,False,False,False,False,False,False,False,True,False,Unspecified,Unspecified,Telegram Post View [Last 100 post] [500K]
3503,Facebook,like,1.188,20,500,False,False,False,False,False,False,False,False,False,False,False,False,False,False,False,False,False,False,False,False,False,False,False,False,False,False,False,False,False,False,Unspecified,Unspecified,Facebook Post Likes
3504,Facebook,like,3.0375,100,5000,False,False,False,False,False,False,False,False,False,False,False,False,False,False,False,False,False,False,False,False,False,False,False,False,False,False,False,False,False,False,Unspecified,Unspecified,Facebook Post Likes ►►5k Max - 0-12h Start
3505,Facebook,like,4.05,50,9000,False,False,False,False,False,False,False,True,False,False,False,False,False,False,False,False,False,False,False,False,False,False,False,False,False,False,True,True,False,False,Unspecified,Unspecified,Facebook Post Likes ►►15k Max - Non Drop
3506,Facebook,like,4.1985,50,10000,False,False,False,False,False,False,False,False,False,False,False,False,False,False,False,False,False,False,False,False,False,False,False,False,False,False,True,False,False,False,Unspecified,Unspecified,♛Facebook Post Likes ►►10k Max - INSTANT
3507,Facebook,video view,0.1215,100,1000000,False,False,False,False,False,False,False,False,False,False,False,False,False,False,False,False,False,False,False,False,False,False,False,False,False,False,False,True,False,False,Unspecified,Unspecified,Facebook Video Views 200k/day
3508,Facebook,video view,0.648,500,500000,False,True,False,False,False,False,False,False,False,False,False,True,True,False,False,False,False,False,False,False,False,False,False,False,False,False,False,True,True,False,Unspecified,Unspecified,Facebook Ad Breaks Video Views ►►[Min 500] [Start 0-20 Min]
3509,Facebook,view,0.648,500,500000,False,True,False,False,False,False,False,True,True,False,False,False,False,False,False,False,False,False,False,False,False,False,False,False,False,False,True,True,False,False,Unspecified,Unspecified,♛ Facebook Monetization Views Watch Time 1-2 Minute
3510,Facebook,view,0.9585,500,500000,False,False,False,False,False,False,False,False,False,False,False,False,False,False,False,False,False,False,False,False,False,False,False,False,False,False,False,False,False,False,Unspecified,Unspecified,♛ Facebook Monetization Views Watch Time 3 -10 Minute
3511,Facebook,view,1.1205,500,500000,False,True,False,False,False,False,False,True,True,False,False,False,False,False,False,False,False,False,False,False,False,False,False,False,False,False,True,True,False,False,Unspecified,Unspecified,♛ Facebook Monetization Views ►►[ Watch Time 30-50 Minute
3512,Facebook,stream,12.096,50,2000,False,True,False,False,False,False,False,True,False,False,False,False,False,False,False,False,False,False,False,False,True,False,False,False,False,False,False,False,False,False,Unspecified,Unspecified,Facebook Live Video Stream - 30 Minutes watch
3513,Facebook,stream,24.192,50,2000,False,True,False,False,False,False,False,True,False,False,False,False,False,False,False,False,False,False,False,False,True,False,False,False,False,False,False,False,False,False,Unspecified,Unspecified,Facebook Live Video Stream - 60 Minutes watch
3514,Facebook,stream,36.288,50,2000,False,True,False,False,False,False,False,True,False,False,False,False,False,False,False,False,False,False,False,False,True,False,False,False,False,False,False,False,False,False,Unspecified,Unspecified,Facebook Live Video Stream - 90 Minutes watch
3515,Facebook,stream,48.384,50,2000,False,True,False,False,False,False,False,True,False,False,False,False,False,False,False,False,False,False,False,False,True,False,False,False,False,False,False,False,False,False,Unspecified,Unspecified,Facebook Live Video Stream - 120 Minutes watch
3516,Facebook,stream,60.48,50,2000,False,True,False,False,False,False,False,True,False,False,False,False,False,False,False,False,False,False,False,False,True,False,False,False,False,False,False,False,False,False,Unspecified,Unspecified,Facebook Live Video Stream - 150 Minutes watch
3517,Facebook,stream,72.576,50,2000,False,True,False,False,False,False,False,True,False,False,False,False,False,False,False,False,False,False,False,False,True,False,False,False,False,False,False,False,False,False,Unspecified,Unspecified,Facebook Live Video Stream - 180 Minutes watch
3737,Facebook,page like,5.94,500,50000,False,False,False,False,False,False,False,True,False,False,False,False,False,False,False,False,False,False,False,False,False,False,False,False,False,True,False,True,False,False,Unspecified,Unspecified,Facebook Page Likes - [ Max - 50K ][ Speed: 1-2K/Day ][ Non Drop ][ Fast | Cheap ][ Start: 0-3 hrs🔥
3738,Facebook,follower,6.3,100,5000,False,True,False,False,False,False,False,False,False,False,False,False,False,False,False,False,False,False,False,False,True,False,False,False,False,False,False,True,False,False,Unspecified,Unspecified,Facebook Fan Page Followers - [ Max - 5K ] [ Speed: 500/Day ] [R~30] Start: 0-12 hr 🔥🔥⚡⚡
3739,Facebook,page like,2.7,20,3000,False,False,False,False,False,False,False,False,False,False,False,True,True,False,False,False,False,False,True,False,True,True,True,False,False,False,False,True,True,False,Unspecified,Unspecified,Facebook Page Likes - [ Max: 500 ] [( Speed: 500 / Day / LQ / N~R )] Start: 0-6 hrs
3740,Facebook,page like,8.37,100,45000,False,False,False,False,False,False,False,False,False,False,False,False,True,False,False,False,False,False,False,False,True,False,False,False,False,True,False,True,True,False,Unspecified,Unspecified,Facebook Page Likes - [ Max - 45K ][ Speed: 2K/Hour  Superfast ][ 30 Days Refill Guarantee  High-Quality ][ Start: 0-2hr ♻🔥
3741,Facebook,page like,5.475,20,3000,False,False,False,False,False,False,False,True,False,False,False,True,True,False,False,False,False,False,True,False,True,True,True,False,False,True,False,True,False,False,Unspecified,Unspecified,Facebook Page Likes - [ Max - 3K ] [ Speed: 3K ] [( Quality: LQ / N~R )] Superfast Start: 0-1hrs
3742,Facebook,page like,9.72,300,30000,False,False,False,False,False,False,False,False,False,False,False,False,False,False,False,False,False,False,False,False,False,False,False,False,False,False,False,False,False,False,Unspecified,Unspecified,Facebook Page Likes - [ Max - 30K ] [ Speed: 10K ] [( Quality: HIGH / R~90 )] Start: 0-6hrs 🔥
3743,Facebook,page like,20.25,50,20000,False,False,False,False,False,False,False,True,False,False,False,False,True,False,False,False,False,False,False,False,True,False,False,False,False,False,False,True,False,False,Unspecified,Unspecified,Facebook Page Likes - [ Max - 20K ] [ Speed: 300 ] [( Quality: Normal / R~∞ )] Start: 0-4hrs
3744,Facebook,page like,8.295,100,100000,False,False,False,False,False,False,False,True,False,False,False,False,True,False,False,False,False,False,False,False,True,False,False,False,False,False,False,True,False,False,Unspecified,Unspecified,Facebook Page Likes - [ Max - 50K ] [ Speed: 5K ] [( Quality: HIGH / R~365 )] Start: 0-12hrs 🔥🔥🔥
3528,Facebook,member,7.098,100,10000,False,False,False,False,False,False,False,False,False,False,False,False,False,False,False,False,False,False,False,False,False,False,False,False,False,False,False,False,False,False,Unspecified,Unspecified,Facebook - Group Join Members [5K]
3529,LinkedIn,follower,7.125,100,10000,False,False,False,False,False,False,False,True,True,False,False,False,True,False,False,False,False,False,False,False,False,False,False,False,False,False,False,True,True,True,Unspecified,Unspecified,- LinkedIn Company Followers [Max 10K - NON-DROP - Lifetime] ⚡️⭐
3530,LinkedIn,follower,7.125,100,10000,False,False,False,False,False,False,False,True,True,False,False,False,True,False,False,False,False,False,False,False,False,False,False,False,False,False,False,True,True,True,Unspecified,Unspecified,ID1726 - Linkedin Profiles Followers [Max 10K - NON-DROP - Lifetime] ⚡️⭐🔥💧
3531,LinkedIn,follower,12.0,100,5000,False,True,False,False,False,False,False,False,False,False,False,False,False,False,False,False,False,False,False,False,False,False,False,False,False,False,False,False,False,False,USA,Unspecified,ID2828 - Linkedin Profiles Followers [Max 5K - USA REAL - Lifetime] ⚡️⚡️⭐🔥💧
3532,LinkedIn,follower,13.2,100,10000000,False,False,False,False,False,False,False,True,True,False,False,False,True,False,False,False,False,False,False,False,False,False,False,False,False,False,False,True,True,True,USA,Unspecified,ID540 - LinkedIn Company Followers WW + USA [Max 10M - 1K/D - Lifetime] ⚡️⚡️⭐🔥💧
3533,LinkedIn,follower,15.0,100,5000,False,True,False,False,False,False,False,True,True,False,False,False,True,False,False,False,False,False,False,False,False,False,False,False,False,False,False,True,True,False,USA,Unspecified,ID2829 - Linkedin Profile Followers [Max 5K - USA REAL - Lifetime] ⚡️⚡️⭐🔥💧
3534,LinkedIn,follower,15.0,100,10000000,False,False,False,False,False,False,False,True,True,False,False,False,False,False,False,False,False,False,False,False,True,False,False,False,False,False,False,False,False,False,Unspecified,Unspecified,ID2661 - LinkedIn Profiles Followers Worldwide - Max 10M - NON-DROP - Lifetime Guarantee] ⚡️⚡️⭐🔥💧
3535,LinkedIn,follower,18.0,100,50000,False,True,False,False,False,False,False,True,True,False,False,False,True,False,False,False,False,False,False,False,False,False,False,False,False,False,False,True,True,False,Unspecified,Unspecified,ID537 - Linkedin Followers [100% REAL] [50K] [Lifetime] [💎BEST QUALITY] ⚡️⚡️⭐🔥
3536,LinkedIn,follower,19.5,100,5000000,False,False,False,False,False,False,False,False,False,False,False,False,False,False,False,False,False,False,False,False,False,False,False,False,False,False,False,False,False,False,USA,Unspecified,ID2662 - LinkedIn Company Followers [Max 5M - 1K/D - USA - Lifetime] ⚡️⚡️⭐🔥
3537,LinkedIn,follower,19.5,100,5000000,False,False,False,False,False,False,False,False,False,False,False,False,False,False,False,False,False,False,False,False,False,False,False,False,False,False,False,False,False,False,USA,Unspecified,ID2666 - LinkedIn Profiles Followers [Max 5M - 1K/D - USA - Lifetime] ⚡️⚡️⭐🔥
3538,LinkedIn,like,33.0,25,500000,False,False,False,False,False,False,False,True,True,False,False,False,False,False,False,False,False,False,False,False,False,False,False,False,False,False,False,False,False,False,USA,Unspecified,ID2670 - LinkedIn Post Likes [USA Profiles - Max 500K - NON-DROP - Lifetime] ⚡️⭐🔥
3539,LinkedIn,share,33.0,25,10000,False,False,False,False,False,False,False,True,True,False,False,False,False,False,False,False,False,False,False,False,False,False,False,False,False,False,False,False,False,False,USA,Unspecified,ID1724 - LinkedIn Shares [USA Profiles - Max 10K - NON-DROP - Lifetime] ⚡️⭐🔥
3540,LinkedIn,like,42.0,25,35000,False,False,False,False,False,False,False,False,False,False,False,False,False,False,False,False,False,False,False,False,False,False,False,False,False,False,False,False,False,False,Unspecified,Unspecified,ID2664 - LinkedIn Post Likes [Mix Country Max 35K] ⚡️⭐🔥
3541,LinkedIn,,33.0,25,10000,False,False,False,False,False,False,False,True,True,False,False,False,False,False,False,False,False,False,False,False,False,False,False,False,False,False,False,False,False,False,USA,Unspecified,ID2672 - LinkedIn Celebrate [USA Profiles - Max 10K - NON-DROP - Lifetime] ⚡️⭐🔥
3542,LinkedIn,,33.0,25,10000,False,False,False,False,False,False,False,True,True,False,False,False,False,False,False,False,False,False,False,False,False,False,False,False,False,False,False,False,False,False,USA,Unspecified,ID2673 - LinkedIn Love [USA Profiles - Max 10K - NON-DROP - Lifetime] ⚡️⭐🔥
3543,LinkedIn,,33.0,25,10000,False,False,False,False,False,False,False,True,True,False,False,False,False,False,False,False,False,False,False,False,False,False,False,False,False,False,False,False,False,False,USA,Unspecified,ID2674 - LinkedIn Insightful [USA Profiles - Max 10K - NON-DROP - Lifetime] ⚡️⭐🔥
3544,LinkedIn,,33.0,25,10000,False,False,False,False,False,False,False,True,True,False,False,False,False,False,False,False,False,False,False,False,False,False,False,False,False,False,False,False,False,False,USA,Unspecified,ID2675 - LinkedIn Curious [USA Profiles - Max 10K - NON-DROP - Lifetime] ⚡️⭐🔥
3545,LinkedIn,comment,127.5,25,10000,False,False,False,False,False,False,False,True,True,False,False,False,False,False,False,False,False,False,False,False,False,False,False,False,False,False,False,False,False,False,USA,Unspecified,ID1722 - LinkedIn Comments [USA Profiles - Max 10K - NON-DROP - Lifetime] ⚡️⭐🔥
3546,SoundCloud,play,0.0165,50000,10000000,False,False,False,False,False,False,False,False,False,False,False,False,False,False,False,False,False,False,False,False,False,False,False,False,False,True,False,True,True,False,Unspecified,Unspecified,SoundCloud Fast Plays [100M]
3547,SoundCloud,play,0.036,100,1000000,False,False,False,False,False,False,False,False,False,False,False,False,False,False,False,False,False,False,False,False,True,False,False,False,False,False,False,False,False,False,Unspecified,Unspecified,SoundCloud Plays [1M] [Lifetime Guaranteed]
3548,SoundCloud,play,0.105,20,250000,False,False,False,False,False,False,False,False,False,False,False,False,False,False,False,False,False,False,False,False,True,False,False,False,False,False,False,True,False,False,Unspecified,Unspecified,SoundCloud Plays
3549,SoundCloud,download,0.0525,1000,1500000,False,False,False,False,False,False,False,False,False,False,False,False,False,False,False,False,False,True,False,False,False,False,False,False,False,False,False,False,False,False,Unspecified,Unspecified,SoundCloud Downloads (HQ )
3550,SoundCloud,download,0.09,100,1000000,False,False,False,False,False,False,False,False,False,False,False,False,False,False,False,False,False,False,False,False,False,False,False,False,False,False,False,False,False,False,Unspecified,Unspecified,SoundCloud Downloads - Max 1M
3551,SoundCloud,follower,1.32,100,10000,False,False,False,False,False,False,False,False,False,False,False,False,True,False,False,False,False,False,False,False,False,False,False,False,False,False,False,True,False,False,USA,Unspecified,Soundcloud USA Followers Mixed Quality(Refill 30 Days)
3552,SoundCloud,follower,1.95,100,50000,False,False,False,False,False,False,False,False,False,False,False,False,False,False,False,False,False,False,False,False,False,False,False,False,False,False,False,False,False,False,Unspecified,Unspecified,SoundCloud Followers {R30 }
3553,SoundCloud,follower,4.5,10,100000,False,False,False,False,False,False,False,False,False,False,False,False,False,False,False,False,False,False,False,False,False,False,False,False,False,False,False,False,False,False,Unspecified,Unspecified,SoundCloud Followers
3554,SoundCloud,like,1.5,10,1000000,False,False,False,False,False,False,False,False,False,False,False,False,False,False,False,False,False,False,False,False,False,False,False,False,False,False,False,False,False,False,Unspecified,Unspecified,SoundCloud Likes
3555,SoundCloud,like,1.32,100,10000,False,False,False,False,False,False,False,False,False,False,False,False,True,False,False,False,False,False,False,False,False,False,False,False,False,False,False,True,False,False,USA,Unspecified,Soundcloud USA Likes Mixed Quality(Refill 30 Days)
3556,SoundCloud,repost,1.32,100,10000,False,False,False,False,False,False,False,False,False,False,False,False,True,False,False,False,False,False,False,False,False,False,False,False,False,False,False,True,False,False,USA,Unspecified,Soundcloud USA Reposts Mixed Quality(Refill 30 Days)
3557,SoundCloud,repost,15.0,100,1000000,False,False,False,False,False,False,False,False,False,False,False,False,False,False,False,False,False,False,False,False,False,False,False,False,False,False,False,False,False,False,Unspecified,Unspecified,SoundCloud Reposts
3558,SoundCloud,comment,5.325,20,10000,False,False,False,False,False,False,False,False,False,False,False,False,False,False,False,False,False,True,False,False,False,False,False,False,False,False,False,False,False,False,Unspecified,Unspecified,Soundcloud track Comments HQ
3559,SoundCloud,comment,18.0,10,100000,False,False,False,False,False,False,False,False,False,False,False,False,False,False,False,False,False,False,False,False,False,False,False,False,False,False,False,False,False,False,Unspecified,Unspecified,SoundCloud Comments
3560,Pinterest,follower,3.0,25,100000,False,False,False,False,False,False,False,False,False,False,False,False,False,False,False,False,False,False,False,False,False,False,False,False,False,False,False,False,False,False,Unspecified,Unspecified,Pinterest Followers
3561,Pinterest,follower,3.0,10,250000,False,False,False,False,False,False,False,False,False,False,False,False,False,False,False,False,False,False,False,False,False,False,False,False,False,False,False,False,False,False,Unspecified,Unspecified,Pinterest Board Followers
3562,Pinterest,like,3.0,25,250000,False,False,False,False,False,False,False,False,False,False,False,False,False,False,False,False,False,False,False,False,False,False,False,False,False,False,False,False,False,False,Unspecified,Unspecified,Pinterest Likes
3563,Spotify,play,7.5,50,100000,False,False,False,False,False,False,False,False,False,False,False,False,False,False,False,False,False,False,False,False,False,False,False,False,False,False,False,False,False,False,Unspecified,Unspecified,Spotify Playlists
3564,Spotify,play,1.5,1000,1000000,False,False,False,False,False,False,False,False,False,False,False,False,False,False,False,False,False,False,False,False,False,False,False,False,False,False,False,True,True,True,Unspecified,Unspecified,Spotify Plays
3565,Spotify,play,1.35,1000,1000000,False,False,False,False,False,False,False,False,False,False,False,False,False,False,False,False,False,False,False,False,False,False,False,False,False,False,False,True,False,True,Unspecified,Unspecified,SPOTIFY PLAYS [ 70-100K PER DAY ]
3566,Spotify,follower,2.25,20,100000,False,False,False,False,False,False,False,False,False,False,False,False,False,False,False,False,False,False,False,False,False,False,False,False,False,True,False,False,False,False,Unspecified,Unspecified,Spotify - Followers ~ Super Fast
3567,Spotify,follower,1.62,20,100000,False,False,False,False,False,False,True,True,False,False,False,False,False,False,False,False,False,False,False,False,True,False,False,False,False,True,True,False,True,True,Unspecified,Unspecified,𝐁𝐄𝗦𝐓 ~ Spotify - Followers+ ~ Super Fast [ Recommended]
3568,Spotify,follower,1.62,100,1000000,False,False,False,False,False,False,True,True,False,False,False,False,False,False,False,False,False,False,False,False,True,False,False,False,False,False,True,False,True,False,Unspecified,Unspecified,Spotify - Playlist Followers
3569,Spotify,play,1.26,1000,100000000,False,False,False,False,False,False,True,True,False,False,False,False,True,False,False,False,False,False,False,False,True,True,False,False,False,True,True,False,True,False,Unspecified,Unspecified,Spotify - Plays ~ Server 2
3570,Spotify,play,1.44,1000,1000000000,False,False,False,False,False,False,False,False,False,False,False,False,False,False,False,False,False,False,False,False,False,False,False,False,False,False,False,False,False,False,Unspecified,Unspecified,Spotify - Plays ~ Server 3 ~ Super High Speed
3571,Spotify,play,1.41,5000,1000000,False,False,False,False,False,False,False,True,False,False,True,False,False,False,False,False,False,False,False,False,True,False,False,False,False,True,False,True,True,False,Unspecified,Unspecified,Spotify - Playlist | Album Plays
3572,Shazam,play,3.3,5000,300000,False,False,False,False,False,False,False,False,False,False,False,False,False,False,False,False,False,False,False,False,False,False,False,False,False,False,False,False,False,False,Unspecified,Unspecified,Shazam Plays [500K]
3573,Periscope,follower,4.2,1000,1000000,False,False,False,False,False,False,False,False,False,False,False,False,True,False,False,False,False,False,False,False,True,False,False,False,False,False,False,True,True,False,Unspecified,Unspecified,Periscope Followers
3574,Periscope,like,0.63,1000,500000,False,False,False,False,False,False,False,False,False,False,False,False,True,False,False,False,False,False,False,False,True,False,False,False,False,False,False,True,True,False,Unspecified,Unspecified,Periscope Likes
3575,Periscope,like,0.0045,500000,100000000,False,False,False,False,False,False,False,False,False,False,False,False,True,False,False,False,False,False,False,False,True,False,False,False,False,False,False,True,True,False,Unspecified,Unspecified,Periscope Likes
3591,Twitter,follower,6.24,100,6000,False,True,False,False,False,False,False,True,False,False,False,False,True,False,False,False,False,True,False,False,False,False,False,False,False,False,False,True,False,True,Unspecified,Unspecified,ID863 - Twitter Followers [Mixed Real - Max 6K - 200+/D - R15] ⚡⭐🔥💧👍🏻🆕
3592,Twitter,follower,11.7,50,10000,False,True,False,False,False,False,False,True,False,False,False,False,True,False,False,False,False,False,False,False,False,False,False,False,False,True,False,True,False,True,Unspecified,Unspecified,ID3826 - Twitter Followers [Fast Real - Max 100K - 1K+/D - R90] ⚡⚡⚡⭐🔥💧👍🏻🆕
3593,Twitter,follower,8.45,25,5000,False,True,False,False,False,False,False,False,False,False,False,False,False,False,False,False,False,True,False,False,False,False,False,False,True,False,False,True,False,True,Unspecified,Unspecified,ID453 - Twitter Mix Followers [100% REAL PLUS] [5K - R15] ⚡⚡⭐🔥💧
3594,Twitter,follower,4.55,10,2500,False,True,False,False,False,False,False,True,False,False,False,True,True,False,False,False,False,True,False,False,False,False,False,False,False,False,False,False,False,False,Unspecified,Unspecified,ID450 - Twitter Followers [Max 2.5K] [MIN 10] ⚡⚡⭐🔥💧
3595,Twitter,follower,3.12,100,500,False,False,False,False,False,False,False,True,False,False,False,True,True,False,False,False,False,False,False,False,False,True,True,False,False,False,False,True,False,False,Unspecified,Unspecified,ID385 - Twitter Followers [Reorder Max 15K - NO REFILL] [🍓CHEAPEST]
3596,Twitter,follower,4.16,100,3000,False,True,False,False,False,False,False,False,False,False,False,False,True,False,False,False,False,True,False,False,False,False,False,False,False,False,False,True,False,False,Unspecified,Unspecified,ID425 - Twitter Mix Followers [HQ - REAL] [Reorder 3K] [100-200/D]
3597,Twitter,follower,15.6,50,100000,False,True,False,False,False,False,False,True,False,False,True,False,True,False,False,False,False,True,False,False,False,False,False,False,False,False,False,False,False,False,Unspecified,Unspecified,ID396 - Twitter Mix Followers [HQ - REAL - Custom] [100K] [500-1K/D] [Lifetime] ⚡⚡⚡⚡⭐🔥💧👍🏻🆕
3598,Twitter,follower,3.9,20,1500,False,True,False,False,False,False,False,False,False,False,False,True,True,False,False,False,False,False,False,False,False,False,False,False,False,False,True,True,False,False,Unspecified,Unspecified,ID397 - Twitter Followers [RU / REAL - Reorder - No Refill] ⚡⭐
3599,Twitter,like,2.86,10,20000,False,True,False,False,False,False,False,False,False,False,False,True,True,False,False,False,False,True,False,False,False,False,False,False,False,False,True,False,False,False,Unspecified,Unspecified,ID455 - Twitter Likes [HQ - REAL] [20K] [🍓CHEAPEST] ⚡⚡⭐🔥💧🆕
3600,Twitter,like,3.64,30,25000,False,False,False,False,False,False,False,False,False,False,False,True,True,False,False,False,False,False,False,False,False,False,False,False,False,False,True,False,False,False,Unspecified,Unspecified,ID391 - Twitter Likes [Max - 20K] [🍓CHEAPEST ON PLANET] ⚡⚡⭐🔥
3601,Twitter,like,4.16,50,200000,False,True,False,False,False,False,False,True,False,False,False,True,True,False,False,False,False,False,False,False,False,False,False,False,False,False,True,False,False,False,Unspecified,Unspecified,ID399 - Twitter Likes [100% REAL - Highest Amount Base ~ ] [200K] [5K-10K/D] ⚡⚡⭐🔥💧
3602,Twitter,like,6.24,100,1000,False,True,False,False,False,False,False,True,False,False,False,True,True,False,False,False,False,False,False,False,False,False,False,False,False,False,True,True,False,False,Unspecified,Unspecified,ID459 - Twitter Emergency Likes [1K INSTANT] [💎ALWAYS WORK] ⚡⚡⚡⭐🔥
3603,Twitter,like,13.0,10,40000,False,True,False,False,False,False,False,True,False,False,False,False,True,False,False,False,False,True,False,False,False,False,False,False,False,True,True,False,False,False,Unspecified,Unspecified,ID454 - Twitter Likes [100% REAL] [Max 30K] [FAST - NEW~] [R30] ⚡⚡⭐🔥💧
3604,Twitter,like,7.8,100,1000,False,True,False,False,False,False,False,True,False,False,False,False,True,False,False,False,False,False,False,False,False,False,False,False,False,True,True,True,False,False,USA,Unspecified,ID3776 - Twitter Likes [USA] [Natural 1K] ⭐💧
3605,Twitter,like,7.8,100,1000,False,False,False,False,False,False,False,False,False,False,False,False,False,False,False,False,False,False,False,False,False,False,False,False,False,False,False,False,False,False,UK,Unspecified,ID3778 - Twitter Likes J1 [UK] [Natural 1K] ⭐💧
3606,Twitter,retweet,11.7,100,1000,False,False,False,False,False,False,False,False,False,False,False,False,False,False,False,False,False,False,False,False,False,False,False,False,False,False,False,False,False,False,USA,Unspecified,ID3779 - Twitter Retweet [USA] [Natural 1K] ⭐💧
3607,Twitter,retweet,12.74,100,1000,False,False,False,False,False,False,False,False,False,False,False,False,False,False,False,False,False,False,False,False,False,False,False,False,False,False,False,False,False,False,UK,Unspecified,ID3780 - Twitter Retweet [UK] [Natural 1K] ⭐💧
3608,Twitter,retweet,7.15,10,500000,False,True,False,False,False,False,False,True,False,False,False,True,True,False,False,False,False,True,False,False,False,False,False,False,False,False,False,True,False,False,Unspecified,Unspecified,ID456 - Twitter Retweets [HQ - REAL] [Max 500K] ⚡⭐🔥💧🆕
3609,Twitter,retweet,8.45,50,10000,False,True,False,False,False,False,False,True,False,False,False,False,True,False,False,False,False,True,False,False,False,False,False,False,False,False,False,True,False,False,Unspecified,Unspecified,ID3891 - Twitter Retweets [HQ - REAL] [Max 100K - R30] ⚡⭐🔥💧🆕
3610,Twitter,retweet,17.55,75,200000,False,True,False,False,False,False,False,True,False,False,False,False,True,False,False,False,False,False,False,False,False,False,False,False,True,False,True,True,False,False,Unspecified,Unspecified,ID392 - Twitter Mix Retweets [100% REAL] [200K] [R30] [💎BEST] ⚡⚡⭐🔥💧🆕
3611,Twitter,retweet,16.25,20,80000,False,True,False,False,False,False,False,True,False,False,False,False,True,False,False,False,False,True,False,False,False,False,False,False,True,True,False,True,False,False,Unspecified,Unspecified,ID379 - Twitter Retweets [HQ - REAL] [80K] [FAST] [R30] ⚡⚡⭐🔥💧🆕
3612,Twitter,retweet,13.65,20,200000,False,True,False,False,False,False,False,True,False,False,False,False,False,False,False,False,False,True,False,False,False,False,False,False,False,False,False,True,False,False,Unspecified,Unspecified,ID3703 - Twitter Retweets [HQ - REAL] [200K] [💎BETTER] ⚡⚡⭐🔥💧🆕
3613,Twitter,retweet,12.35,100,100000,False,True,False,False,False,False,False,True,False,True,False,False,False,False,False,False,False,True,False,False,False,False,False,False,False,False,False,True,False,False,USA,Unspecified,ID451 - Twitter USA Retweets [HQ - REAL] [100K] [RANDOM] ⚡⚡⭐🔥💧🆕
3614,Twitter,poll vote,0.715,50,1000000,False,True,False,False,False,False,False,True,False,True,False,True,True,False,False,False,False,True,False,False,False,False,False,False,False,False,False,False,True,False,Unspecified,Unspecified,ID2536 - Twitter Poll Votes [Max 1M - 150 Per Hour] ⚡⚡⭐🔥💧🍓
3615,Twitter,poll vote,0.325,100,100000,False,True,False,False,False,False,False,True,False,False,False,True,True,False,False,False,False,True,False,False,False,False,False,False,False,False,True,False,True,False,Unspecified,Unspecified,ID3169 - Twitter Poll Votes [Max 500K - Instant - R30] ⚡⚡⭐🔥💧🍓
3616,Twitter,poll vote,0.715,100,500000,False,True,False,False,False,False,False,True,False,False,False,True,True,False,False,False,False,True,False,False,False,False,False,False,False,False,False,False,True,False,Unspecified,Unspecified,ID402 - Twitter Poll Votes [500K] [10K/D] [R30] ⚡⚡⚡⭐🔥💧
3617,Twitter,poll vote,1.3,100,1000000000,False,True,False,False,False,False,False,True,False,False,False,True,True,False,False,False,False,True,False,False,False,False,False,False,False,False,False,False,False,False,Unspecified,Unspecified,ID404 - Twitter Poll Votes [100M] [5K/D] [0-1H] [BEST SERVER] ⚡⚡⭐🔥💧
3618,Twitter,poll vote,3.055,60,1000000000,False,True,False,False,False,False,False,True,False,False,False,True,True,False,False,False,False,True,False,False,False,False,False,False,False,True,False,True,False,False,Unspecified,Unspecified,ID386 - Twitter Poll Votes [100M - 200K/Day - Fastest] ⚡⚡⭐🔥💧
3619,Twitter,retweet,9.75,100,10000,False,True,False,False,False,False,False,True,False,True,False,True,True,False,False,False,False,False,False,False,False,False,False,False,False,False,False,False,False,False,Unspecified,Unspecified,ID398 - Twitter Retweets [Mix Real] [10K] ⚡⚡⭐🔥💧🆕
3620,Twitter,retweet,16.9,100,100000,False,True,False,False,False,False,False,False,False,True,False,True,True,False,False,False,False,True,False,False,False,False,False,False,False,False,False,False,False,False,UK,Unspecified,ID401 - Twitter UK Retweets [HQ - REAL] [100K] ⚡⚡⭐🔥💧
3621,Twitter,retweet,16.9,100,100000,False,True,False,False,False,False,False,False,False,True,False,False,True,False,False,False,False,True,False,False,False,False,False,False,False,False,False,True,False,False,Spain,Unspecified,ID424 - Twitter SPANISH Retweets [HQ - REAL] [100K] ⚡⚡⭐🔥💧
3622,Twitter,retweet,16.9,100,100000,False,True,False,False,False,False,False,True,False,True,False,True,True,False,False,False,False,True,False,False,False,False,False,False,False,False,False,False,False,False,India,Unspecified,ID1511 - Twitter INDIA Retweets [HQ - REAL] [100K] ⚡⚡⭐🔥💧
3623,Twitter,retweet,16.9,100,100000,False,True,False,False,False,False,False,True,False,True,False,True,True,False,False,False,False,True,False,False,False,False,False,False,False,False,False,False,False,False,Japan,Unspecified,ID2528 - Twitter JAPAN Retweets [HQ - REAL] [100K] ⚡⚡⭐🔥💧
3624,Twitter,impression,0.325,100,10000000,False,False,False,False,False,False,False,True,False,False,False,False,False,False,False,False,False,False,False,False,False,False,False,False,False,False,False,True,False,False,Unspecified,Unspecified,ID388 - Twitter Impressions [10M - R30] ⚡⚡⚡⭐🔥💧🍓
3625,Twitter,impression,0.754,100,5000000,False,False,False,False,False,False,False,True,True,False,False,False,True,False,False,False,False,True,False,False,False,False,False,False,False,True,True,True,False,False,Unspecified,Unspecified,ID389 - Twitter Impressions [Super Instant Fastest] ⚡⚡⚡⚡⭐🔥💧
3626,Twitter,view,0.325,100,10000000,False,False,False,False,False,False,False,True,False,False,False,False,False,False,False,False,False,False,False,False,False,False,False,False,False,False,True,False,False,False,Unspecified,Unspecified,ID3781 - Twitter Views [10M] [INSTANT] ⚡⚡⭐🔥💧
3627,Twitter,view,0.754,100,10000000,False,False,False,False,False,False,False,True,False,False,False,False,False,False,False,False,False,False,False,False,False,False,False,False,False,False,True,False,False,False,Unspecified,Unspecified,ID2638 - Twitter Views [10M] [💎NEW SERVER] ⚡⚡⚡⚡⭐🔥💧🍓
3628,Twitter,view,0.91,100,10000000,False,False,False,False,False,False,False,True,False,False,False,True,True,False,False,False,False,True,False,False,False,False,False,False,False,False,False,False,False,False,Unspecified,Unspecified,ID393 - Twitter Views [50M] [💎BEST HIGH SPEED] ⚡⚡⚡⚡⭐🔥💧
3629,Twitter,view,1.586,100,10000000,False,False,False,False,False,False,False,True,True,False,False,False,True,False,False,False,False,True,False,False,False,False,False,False,False,False,False,True,False,False,Unspecified,Unspecified,ID792 - Twitter Views [10K] [10K/D] [R30] ⚡⚡⭐🔥💧
3630,Twitter,view,1.612,100,50000,False,False,False,False,False,False,False,True,True,False,False,False,True,False,False,False,False,True,False,False,False,False,False,False,False,False,False,True,False,False,Unspecified,Unspecified,ID452 - Twitter Views [100K] [50K/D] [R30] ⚡⚡⭐🔥💧
3631,Twitter,view,1.664,100,1000000,False,False,False,False,False,False,False,True,True,False,False,False,True,False,False,False,False,True,False,False,False,False,False,False,False,False,False,True,False,False,Unspecified,Unspecified,ID426 - Twitter Views [1M] [100K/D] [R30] ⚡⚡⚡⭐🔥💧
3632,Twitter,video view,7.67,20,2000,False,True,False,False,False,False,False,True,False,False,False,True,True,False,False,False,False,False,False,False,False,False,False,False,False,False,True,False,False,False,Unspecified,Unspecified,ID1444 - Twitter Live Video Views 15 MINS [2K] [INSTANT]⚡⚡⚡⭐🔥💧
3633,Twitter,comment,42.12,10,100,True,False,False,False,False,False,False,True,False,True,False,True,True,False,False,False,False,True,False,False,False,False,False,False,False,True,False,False,False,False,USA,Unspecified,ID412 - Twitter RANDOM Comments J1 [100] [USA] [0-1H] ⚡⚡⚡⭐🔥💧
3634,Twitter,comment,46.8,10,100,True,False,False,False,False,False,False,True,False,True,False,True,True,False,False,False,False,True,False,False,False,False,False,False,False,True,False,False,False,False,Arab,Unspecified,ID3835 - Twitter RANDOM Comments J1 [100] [ARAB] [0-1H] ⚡⚡⚡⭐🔥💧
3635,Twitter,comment,57.72,10,100,True,False,False,False,False,False,False,True,False,False,True,True,True,False,False,False,False,True,False,False,False,False,False,False,False,True,False,False,False,False,USA,Unspecified,ID390 - Twitter CUSTOM Comments J1 [100] [USA] ⚡⚡⭐🔥
3636,Twitter,comment,62.4,10,100,True,False,False,False,False,False,False,True,False,False,True,True,True,False,False,False,False,True,False,False,False,False,False,False,False,True,False,False,False,False,India,Unspecified,ID3834 - Twitter CUSTOM Comments S1 [INDIAN - 100] ⚡⚡⭐🔥
3577,Twitter,,0.325,100,10000000,False,False,False,False,False,False,False,True,False,False,False,True,True,False,False,False,False,True,False,False,False,False,False,False,False,False,False,False,False,False,Unspecified,Unspecified,ID466 - Twitter Link Click J1 [10M] [🔥NEW SERVICE] ⚡⭐🔥💧
3578,Twitter,poll vote,0.325,100,500000,False,False,False,False,False,False,False,False,False,False,False,False,False,False,False,False,False,False,False,False,False,False,False,False,False,False,False,True,False,False,Unspecified,Unspecified,ID469 - Twitter Poll Vote [500K] ⚡⭐🔥💧
3579,Twitter,poll vote,0.65,100,100000000,False,False,False,False,False,False,False,False,False,False,False,False,False,False,False,False,False,False,False,False,False,False,False,False,False,False,False,True,False,False,Unspecified,Unspecified,ID3782 - Twitter Poll Vote [100M] ⚡⚡⚡⭐🔥💧
3580,Twitter,poll vote,1.82,100,1000000000,False,False,False,False,False,False,False,False,False,False,False,False,False,False,False,False,False,False,False,False,False,False,False,False,False,False,False,True,False,False,Unspecified,Unspecified,ID3783 - Twitter Poll Vote [100M - Best Server!!] ⚡⚡⚡⭐🔥💧
3581,Twitter,favorite,5.85,100,1000,False,False,False,False,False,False,False,True,False,False,False,False,False,False,False,False,False,False,False,False,False,False,False,False,False,False,True,False,False,False,Unspecified,Unspecified,ID461 - Twitter Favorites [Super Instant - Max 1K] ⚡⚡⚡⭐💧
3582,Twitter,like,7.488,20,10000,False,False,False,False,False,False,False,True,False,False,False,False,False,False,False,False,False,True,False,False,False,False,False,False,False,False,False,True,False,True,Unspecified,Unspecified,ID460 - Twitter Likes + Favorites [100/D] [0-1H] ⚡⚡⚡⭐🔥💧
3583,Twitter,favorite,11.05,100,10000,False,False,False,False,False,False,False,True,False,False,False,False,False,False,False,False,False,True,False,False,False,False,False,False,False,True,False,True,False,True,USA,Unspecified,ID462 - Twitter USA Favorites [100K] [0-12H] [R30] [💎FAST QUALITY] ⚡⚡⚡⭐🔥💧
3584,Twitter,favorite,9.984,50,100000,False,False,False,False,False,False,False,True,False,False,False,False,True,False,False,False,False,True,False,False,False,False,False,False,False,False,False,True,False,False,USA,Unspecified,ID473 - Twitter USA Favorites [100K] [R30] [💎24H - 200/D] ⚡⚡⭐🔥💧
3585,Twitter,favorite,9.984,100,100000,False,False,False,False,False,False,False,False,False,False,False,False,False,False,False,False,False,False,False,False,False,False,False,False,False,False,False,False,False,False,UK,Unspecified,ID472 - Twitter UK Favorites [100K] [5K/D] [0-3H] [R30] [💎BEST QUALITY] ⚡⚡⭐🔥💧
3586,Twitter,favorite,9.984,100,100000,False,False,False,False,False,False,False,False,False,False,False,False,False,False,False,False,False,False,False,False,False,False,False,False,False,False,False,False,False,False,Japan,Unspecified,ID3242 - Twitter JAPAN Favorites [100K] [5K/D] [0-3H] [R30] [💎BEST QUALITY] ⚡⚡⭐🔥💧
3587,Twitter,favorite,9.984,100,100000,False,False,False,False,False,False,False,False,False,False,False,False,False,False,False,False,False,False,False,False,False,False,False,False,False,False,False,False,False,False,Spain,Unspecified,ID3243 - Twitter Spanish Favorites [100K] [5K/D] [0-3H] [R30] [💎BEST QUALITY] ⚡⚡⭐🔥💧
3588,Twitter,favorite,9.984,100,100000,False,False,False,False,False,False,False,False,False,False,False,False,False,False,False,False,False,False,False,False,False,False,False,False,False,False,False,False,False,False,Arab,Unspecified,ID3244 - Twitter ARAB Favorites [100K] [5K/D] [0-3H] [R30] [💎BEST QUALITY] ⚡⚡⭐🔥💧
3589,Twitter,favorite,9.62,100,100000,False,False,False,False,False,False,False,False,False,False,False,False,False,False,False,False,False,False,False,False,False,False,False,False,False,False,False,False,False,False,India,Unspecified,ID470 - Twitter INDIA Favorites [100K] [5K/D] [0-6H] [💎BEST QUALITY] ⚡⚡⭐🔥💧
3590,Twitter,favorite,9.62,100,100000,False,False,False,False,False,False,False,False,False,False,False,False,False,False,False,False,False,False,False,False,False,False,False,False,False,False,False,False,False,False,Russia,Unspecified,ID471 - Twitter RUSSIA Favorites [100K] [5K/D] [0-6H] [💎BEST QUALITY] ⚡⚡⭐🔥💧
3637,Twitter,impression,1.3,100,1000000,False,True,False,False,False,False,False,True,False,False,False,False,True,False,False,False,False,False,False,False,False,False,False,False,False,True,False,False,False,False,Unspecified,Unspecified,ID474 - Twitter Impressions [1M] [Fastest] [Lifetime] [💎BEST QUALITY] ⚡⚡⚡⭐🔥💧
3638,Twitter,impression,0.845,100,3000000,False,False,False,False,False,False,False,True,False,False,False,False,True,False,False,False,False,False,False,False,False,False,False,False,False,False,False,True,False,False,Unspecified,Unspecified,ID475 - Twitter Impressions [3M] [💎BEST QUALITY] ⚡⚡⭐🔥💧
3639,Twitter,,0.325,100,10000000,False,False,False,False,False,False,False,True,False,False,False,True,True,False,False,False,False,True,False,False,False,False,False,False,False,False,False,False,False,False,Unspecified,Unspecified,ID468 - Twitter Profile Click J1 [10M] ⚡🔥💧
3640,Twitter,,0.325,100,10000000,False,False,False,False,False,False,False,True,False,False,False,True,True,False,False,False,False,True,False,False,False,False,False,False,False,False,False,False,False,False,Unspecified,Unspecified,ID467 - Twitter Hashtag Click J1 [10M] [🔥NEW SERVICE] ⚡⭐💧
3653,Website,traffic,0.56,2500,10000000,False,True,False,False,False,False,False,False,False,False,False,False,False,False,False,False,False,False,False,False,False,False,False,False,False,True,False,True,False,True,Unspecified,Unspecified,ID1599 - Website Traffic - Mix DV + Bonus 100% Real [10M] [💎FASTEST 5 x TIMES BOOSTER] ⚡️⭐🔥💧
3654,Website,traffic,0.36,1000,1000000,False,True,False,False,False,False,False,False,False,False,True,False,False,False,False,False,False,False,False,False,False,False,False,False,False,True,False,True,False,False,Unspecified,google.com,ID1596 - WorldWide Traffic from Google.com [Organic] [Custom Keywords] ⚡️⭐🔥💧
3655,Website,traffic,0.2,500,1000000,False,False,False,False,False,False,False,False,False,False,False,False,False,False,False,False,False,False,False,False,False,False,False,False,False,False,False,True,True,True,Unspecified,Unspecified,ID1597 - Website Traffic - Worldwide - Direct Visits [1M] [1K/D] [🍓CHEAPEST ON PLANET] ⚡️⭐🔥💧
3656,,traffic,0.24,500,1000000,False,True,False,False,False,False,False,False,False,False,False,False,False,False,False,False,False,False,False,False,False,False,False,False,False,False,False,True,False,False,Unspecified,Unspecified,ID1595 - WorldWide Traffic - Direct Visits [1M] [10K/D] [0-12H] [💎EXCLUSIVE] ⚡️⭐🔥💧
3657,Website,traffic,1.1,1000,1000000,False,True,False,False,False,False,False,False,False,False,True,False,False,False,False,False,False,False,False,False,False,False,False,False,False,False,False,True,False,False,USA,google.com,ID836 - USA Traffic from Google.com [Organic] [Custom Keywords] ⚡️⭐🔥💧
3658,Website,traffic,0.56,1000,1000000,False,True,False,False,False,False,False,False,False,False,True,False,False,False,False,False,False,False,False,False,False,False,False,False,False,False,False,True,False,False,Unspecified,google.com,ID1598 - Website 100% Real Traffic from Google.com [Oragnic] [Custom Keywords] [💎BEST] ⚡️⭐🔥💧
3659,Website,traffic,1.0,1000,1000000,False,True,False,False,False,False,False,False,False,False,True,False,False,False,False,False,False,False,False,False,False,False,False,False,False,False,False,True,False,False,Brazil,brazil,ID3965 - Website 100% Real Traffic from Brazil Google.com [Oragnic] [Custom Keywords] [💎BEST] ⚡️⭐🔥💧
3660,Website,traffic,0.3,500,1000000,False,True,False,False,False,False,False,False,False,False,False,False,False,False,False,False,False,False,False,False,False,False,False,False,False,False,False,True,True,True,Unspecified,google,ID1603 - Website 100% Real Traffic From Google [250K] [50K/D] [0-12H] ⚡️⭐🔥💧
3661,Website,traffic,0.3,500,1000000,False,True,False,False,False,False,False,False,False,False,False,False,False,False,False,False,False,False,False,False,False,False,False,False,False,False,False,True,True,True,Unspecified,youtube,ID1602 - Website 100% Real Traffic From Youtube [250K] [50K/D] [0-12H] ⚡️⭐🔥💧
3662,Website,traffic,0.3,500,1000000,False,True,False,False,False,False,False,False,False,False,False,False,False,False,False,False,False,False,False,False,False,False,False,False,False,False,False,True,True,True,Unspecified,facebook,ID1600 - Website 100% Real Traffic From Facebook [250K] [50K/D] [0-12H] ⚡️⭐🔥💧
3663,Website,traffic,0.3,500,1000000,False,True,False,False,False,False,False,False,False,False,False,False,False,False,False,False,False,False,False,False,False,False,False,False,False,False,False,False,False,False,Unspecified,instagram,ID1601 - Website 100% Real Traffic From Instagram [250K] [50K/D] [0-12H] ⚡️⭐🔥💧
3664,Website,traffic,0.3,500,1000000,False,True,False,False,False,False,False,False,False,False,False,False,False,False,False,False,False,False,False,False,False,False,False,False,False,False,False,False,False,False,Unspecified,twitter,ID1621 - Website 100% Real Traffic From Twitter [250K] [50K/D] [0-12H] ⚡️⭐🔥💧
3665,Website,traffic,0.3,500,1000000,False,True,False,False,False,False,False,False,False,False,False,False,False,False,False,False,False,False,False,False,False,False,False,False,False,False,False,False,False,False,Unspecified,quora,ID569 - Website 100% Real Traffic From Quora [250K] [50K/D] [0-12H] ⚡️⭐🔥💧
3666,Website,traffic,0.3,500,1000000,False,True,False,False,False,False,False,False,False,False,False,False,False,False,False,False,False,False,False,False,False,False,False,False,False,False,False,False,False,False,Unspecified,blogger.como,ID847 - Website 100% Real Traffic From Blogger.como [250K] [50K/D] [0-12H] ⚡️⭐🔥💧
3667,Website,traffic,0.3,500,1000000,False,True,False,False,False,False,False,False,False,False,False,False,False,False,False,False,False,False,False,False,False,False,False,False,False,False,False,False,False,False,Unspecified,yandex.ru,ID2471 - Website 100% Real Traffic From Yandex.ru [250K] [50K/D] [0-1H] [💎BEST SERVICE] ⚡️⭐🔥💧
3668,Website,traffic,0.3,500,1000000,False,True,False,False,False,False,False,False,False,False,False,False,False,False,False,False,False,False,False,False,False,False,False,False,False,False,False,False,False,False,Unspecified,wikipedia,ID1610 - Website 100% Real Traffic From Wikipedia [10M] [10K/D] [0-1H] ⚡️⭐🔥💧
3669,Website,traffic,0.3,500,1000000,False,True,False,False,False,False,False,False,False,False,False,False,False,False,False,False,False,False,False,False,False,False,False,False,False,False,False,False,False,False,Unspecified,reddit,ID1605 - Website 100% Real Traffic From Reddit [250K] [50K/D] [0-12H] ⚡️⭐🔥💧
3670,Website,traffic,0.3,500,1000000,False,True,False,False,False,False,False,False,False,False,False,False,False,False,False,False,False,False,False,False,False,False,False,False,False,False,False,False,False,False,Unspecified,pinterest,ID592 - Website 100% Real Traffic From Pinterest [250K] [50K/D] [0-12H] ⚡️⭐🔥💧
3671,Website,traffic,0.3,500,1000000,False,True,False,False,False,False,False,False,False,False,False,False,False,False,False,False,False,False,False,False,False,False,False,False,False,False,False,False,False,False,Unspecified,tumblr,ID1607 - Website 100% Real Traffic From Tumblr [250K] [50K/D] [0-12H] ⚡️⭐🔥💧
3672,Website,traffic,0.3,500,1000000,False,True,False,False,False,False,False,False,False,False,False,False,False,False,False,False,False,False,False,False,False,False,False,False,False,False,False,False,False,False,Unspecified,sina,ID568 - Website 100% Real Traffic From Sina Weibo [250K] [50K/D] [0-12H] ⚡️⭐🔥💧
3673,Website,traffic,0.3,500,1000000,False,True,False,False,False,False,False,False,False,False,False,False,False,False,False,False,False,False,False,False,False,False,False,False,False,False,False,False,False,False,Unspecified,linkedin,ID1606 - Website 100% Real Traffic From Linkedin [10M] [10K/D] [0-1H] ⚡️⭐🔥💧
3674,Website,traffic,0.3,500,1000000,False,True,False,False,False,False,False,False,False,False,False,False,False,False,False,False,False,False,False,False,False,False,False,False,False,False,False,False,False,False,Unspecified,stumbleupon,ID570 - Website 100% Real Traffic From StumbleUpon [250K] [50K/D] [0-12H] ⚡️⭐🔥💧
3675,Website,traffic,0.3,500,1000000,False,True,False,False,False,False,False,False,False,False,False,False,False,False,False,False,False,False,False,False,False,False,False,False,False,False,False,False,False,False,Unspecified,amazon,ID1609 - Website 100% Real Traffic From Amazon [10M] [10K/D] [0-1H] ⚡️⭐🔥💧
3676,Website,traffic,0.3,500,1000000,False,True,False,False,False,False,False,False,False,False,False,False,False,False,False,False,False,False,False,False,False,False,False,False,False,False,False,False,False,False,Unspecified,twitch.tv,ID1614 - Website 100% Real Traffic From Twitch.TV [10M] [10K/D] [0-1H] ⚡️⭐🔥💧
3677,Website,traffic,0.3,500,1000000,False,True,False,False,False,False,False,False,False,False,False,False,False,False,False,False,False,False,False,False,False,False,False,False,False,False,False,False,False,False,Unspecified,bing,ID1615 - Website 100% Real Traffic From Bing [10M] [10K/D] [0-1H] ⚡️⭐🔥💧
3678,Website,traffic,0.3,500,1000000,False,True,False,False,False,False,False,False,False,False,False,False,False,False,False,False,False,False,False,False,False,False,False,False,False,False,False,False,False,False,Unspecified,ebay,ID1616 - Website 100% Real Traffic From Ebay [10M] [10K/D] [0-1H] ⚡️⭐🔥💧
3679,Website,traffic,0.3,500,1000000,False,True,False,False,False,False,False,False,False,False,False,False,False,False,False,False,False,False,False,False,False,False,False,False,False,False,False,False,False,False,Unspecified,ok.ru,ID1617 - Website 100% Real Traffic From OK.ru [10M] [10K/D] [0-1H] ⚡️⭐🔥💧
3680,Website,traffic,0.3,500,1000000,False,True,False,False,False,False,False,False,False,False,False,False,False,False,False,False,False,False,False,False,False,False,False,False,False,False,False,False,False,False,Unspecified,imgur,ID1619 - Website 100% Real Traffic From IMGur [10M] [10K/D] [0-1H] ⚡️⭐🔥💧
3681,Website,traffic,0.3,500,1000000,False,True,False,False,False,False,False,False,False,False,False,False,False,False,False,False,False,False,False,False,False,False,False,False,False,False,False,False,False,False,Unspecified,buysellads.com,ID1620 - Website 100% Real Traffic From BuySellAds.com [10M] [10K/D] [0-1H] ⚡️⭐🔥💧
3682,Website,traffic,0.3,500,1000000,False,True,False,False,False,False,False,False,False,False,False,False,False,False,False,False,False,False,False,False,False,False,False,False,False,False,False,False,False,False,Unspecified,craigslist,ID2293 - Website 100% Real Traffic From Craigslist [250K] [50K/D] [0-12H] ⚡️⭐🔥💧
3683,Website,traffic,0.3,500,1000000,False,True,False,False,False,False,False,False,False,False,False,False,False,False,False,False,False,False,False,False,False,False,False,False,False,False,False,False,False,False,Unspecified,vk.com,ID1604 - Website 100% Real Traffic From VK.com [10M] [10K/D] [0-1H] ⚡️⭐🔥💧
3684,Website,traffic,0.3,500,1000000,False,True,False,False,False,False,False,False,False,False,False,False,False,False,False,False,False,False,False,False,False,False,False,False,False,False,False,False,False,False,Unspecified,yahoo,ID1608 - Website 100% Real Traffic From Yahoo [10M] [10K/D] [0-1H] ⚡️⭐🔥💧
3685,Website,traffic,0.3,500,1000000,False,True,False,False,False,False,False,False,False,False,False,False,False,False,False,False,False,False,False,False,False,False,False,False,False,False,False,False,False,False,Unspecified,live.com,ID1611 - Website 100% Real Traffic From Live.com [10M] [10K/D] [0-1H] ⚡️⭐🔥💧
3686,Website,traffic,0.3,500,1000000,False,True,False,False,False,False,False,False,False,False,False,False,False,False,False,False,False,False,False,False,False,False,False,False,False,False,False,False,False,False,Unspecified,netflix,ID1613 - Website 100% Real Traffic From Netflix [10M] [10K/D] [0-1H] ⚡️⭐🔥💧
3687,Website,traffic,0.3,500,1000000,False,True,False,False,False,False,False,False,False,False,False,False,False,False,False,False,False,False,False,False,False,False,False,False,False,False,False,False,False,False,Unspecified,msn,ID1618 - Website 100% Real Traffic From MSN [10M] [10K/D] [0-1H] ⚡️⭐🔥💧
